-0.05385465806224094,-0.008951500387151742
-0.060308436751060346,-0.02417989164267483
-0.06378774528081062,-0.02387674546987349
-0.060578667441459386,-0.022574949969410674
0.14135979393244963,-0.038805047355547795
-0.04782144862024605,0.008427858927944903
-0.06338556814280479,-0.011607182132082476
-0.0471112487676376,0.018848701774373526
0.14486614724031988,-0.008218670565328727
-0.05011530006694939,-0.012803919738127608
-0.057054493434754286,-0.0027012450107829675
0.14811883129644088,0.000336318101520515
-0.001031019253574323,0.028947329538243333
-0.06229246164409525,-0.003788269131384074
-0.054259511127758266,0.0061417063092895794
-0.036771409219247354,0.015934201745918884
-0.04444578435103562,-0.00869559973050071
-0.047573840872127675,0.0025656143788928254
-0.053518408577563,-0.017970559830014356
-0.05633773538509454,-0.00038120950891866413
-0.04726011091520421,0.010215757802336205
-0.05436007623649207,-0.004575095352093222
-0.039867885228988646,0.024376861090938187
-0.05366286935814582,-0.019861575112775587
0.1393862071422876,-0.04283518972103457
-0.05714127334145375,0.07256204160760894
0.13938620714228775,-0.04283518972103461
0.1393862071422876,-0.04283518972103457
0.1476493847778434,-0.0062083448856993595
0.14834271629536502,-0.019448697618493063
0.15553314798606502,-0.0050153389080038165
0.14169363886854897,-0.0359090610915307
0.15903973166996171,-0.0057995232240408996
-0.043925949562164134,0.0019483631934027396
0.1430373041939493,-0.01111238376995688
-0.05046034180974191,-0.0034685357411988475
-0.05219922195518393,0.005326299486178948
-0.05726363510967735,0.005253113419590969
-0.060669460660925906,-0.023716012556885328
-0.059779224951927876,-0.010117402763796805
-0.05179047121586221,0.005124257771713665
-0.05491875932498749,-0.0031491531812152204
-0.06515381562721213,-0.03229710791720718
-0.05687252358515635,-0.02026479004540975
-0.05108104683127121,0.005078550249441724
-0.05738419054933641,-0.01380229304277727
0.15045344831310672,-0.026063737451941744
-0.049937340170499306,0.01624066425316165
-0.055805425274738,-0.0015614979080669515
-0.018922803178670032,-0.015947162771449884
-0.047990472857141434,0.00101578126905596
-0.046451228527296926,0.01989154337417065
-0.05028227527614943,-0.002685518472695763
-0.049755263226156345,0.015030101801945084
-0.05027926373734487,0.0038626972461401348
-0.051721292079205713,0.012472103514864802
-0.057479402870701066,-0.009035605844650726
0.14565399071214932,-0.015216345954095432
-0.05704020889644224,-0.014909473111996889
-0.050055249061681996,-0.006102724019747005
-0.05505991168601982,0.011182896835150724
-0.0558320793598149,-2.4155591899156592e-05
-0.057391624932363945,-0.012832825116642374
-0.055030693466588065,-0.010085244475083717
-0.04925369274916119,0.00012931737162390314
-0.05976959984935885,-0.0244883150093183
-0.05682092425541681,-8.573888768381081e-05
-0.06252400291300585,-0.025048259557626608
-0.053392134125879516,-0.01449504320157813
-0.06036781357156106,-0.015575097714494052
-0.044766195538172036,0.01564152115439058
-0.058345568743957126,-0.017476857182198505
-0.0089870764625707,0.022741371609668933
-0.058833222461519695,-0.020240927919479866
-0.06239697848465272,-0.010819469888070955
-0.05585112486583577,-0.011047631698493618
-0.05315896838512242,-0.007201725826421685
-0.06050128598497389,-0.01668986674887603
-0.054721749727129926,0.004586666470293388
-0.05948480931714415,0.0015575183348870392
-0.05907701968820194,0.007141912396890898
0.13977348572493983,-0.04304636996922802
-0.04294945721904086,0.013323667800402342
-0.049122385705877784,0.019022850492631947
-0.05882401247614622,-0.024050076206189954
0.14838990549148331,0.0028654677494832077
-0.04252522017983025,0.018598684811023444
-0.05280683597089236,-0.0035644000864636437
-0.059895596310832744,-0.005304581411977699
-0.046256880833348,-0.0013881899377079635
0.16156339878053957,0.07178484977958009
-0.0636196857592015,0.0428340702713055
-0.02572258657831859,0.0011233037995374356
0.14127301397901607,-0.03256956704495717
-0.0572993635347994,-0.00663233288099217
-0.05473141759807868,0.0839389851379605
-0.05792262437834177,-0.02087554003740912
0.14774754780822927,-0.025469139278568226
0.13811071144962916,-0.04203626664778547
0.1394458780956667,-0.04192462605597459
0.13811071144962916,-0.04203626664778547
0.1411418719361523,-0.0351493905793066
0.13947299725178003,-0.042801840493718074
0.13849197571398886,-0.041693636481695634
0.13811071144962916,-0.04203626664778547
0.1393862071422876,-0.04283518972103457
0.1457484657102432,5.531886462351772e-05
0.14324220104013516,-0.019327790472750305
0.13815429507225369,-0.041552722803648814
0.15387078513536973,-0.001329195753715483
0.14040008845888496,-0.03355022799806816
0.139520132647476,-0.030100170501589932
0.1393862071422876,-0.04283518972103457
0.1459489420577589,-0.009008318717147516
0.15307515520131018,-0.004564236201739277
0.16156339878053957,0.07178484977958009
0.14483801602733964,-0.011945502229293541
-0.0400541096191373,0.06466408693982477
0.14555330924400164,-0.016117066441321135
-0.0427844342373474,0.018912212007803915
-0.05125565547090058,0.010831319392500585
-0.04185319169805179,0.02552942622222168
-0.05642445673013662,-0.007595170394345034
-0.04432263082879925,0.023972553640867703
-0.02794743386876777,0.06534763311224728
-0.061254124415909064,-0.019327655024452748
-0.04407644987264109,-0.007892342289601317
0.1469221102797486,-0.003986019079822735
-0.0545885154277851,-0.00816075839973061
-0.06110928160570543,-0.011092705766927302
-0.05594568053644055,-0.00878728400067817
-0.05575264934098074,0.007845257226221434
-0.05582089126045453,-0.016650468005090176
-0.053302194595449805,0.003746800416654587
0.14661563835579164,-0.01051694895562571
-0.05427111129213317,-0.007966616147484345
0.14953946953383945,-0.006439506274824088
0.1442699857573302,-0.019081429552709826
0.14426042328928754,-0.025056177689236785
0.14321339681181197,-0.03822362614385352
0.14381480223269466,-0.006324220728646285
-0.04717462351161431,0.018224026110289452
0.16578539084905486,0.08747840297839517
0.16039041053195616,0.07833855816476652
0.14620773879755547,-0.02688383033483122
0.1519422196802337,-0.002604098118169383
0.14342005781849354,-0.02970989601163938
0.14607453204948995,-0.02724490770400717
0.1487238147576521,0.00038918038754383804
-0.04494481848529178,0.03335470328119591
0.15268201304057435,0.007744002686572679
0.13912868544494125,-0.04073251382180533
0.13958089993605333,-0.0400108927369636
0.1405389348519455,-0.041280384304877966
0.141981369418245,-0.023221393225195754
0.1448640541831213,-0.012455940596744411
0.1432984774730567,-0.009064539946598664
-0.04015336850760059,0.019931334813695384
0.1430583790852356,-0.02467782533963624
0.14292597007577967,-0.03363325560031193
0.13932053269815478,-0.042705204432215746
0.14789248752081433,-0.026215732372539293
0.1593766066913243,0.047271467167367326
0.16114253502757686,0.0802789644224676
0.14621206702850043,-0.026781405207272423
0.14213365263114458,-0.030263619153546223
0.14005070778318895,-0.04095823960293246
0.1444380163919876,-0.010648404578386544
0.14582549902829764,-0.015246139761990646
0.14591735386725876,-0.008483435674473615
0.1443382850653333,-0.011742867401625844
0.14443281559857846,-0.009815597532004323
-0.04843253812137354,0.015409966851862224
0.14370179861487814,0.02369456953880681
-0.04703744702826523,-0.0039656076262023325
0.15064401507180258,0.006808599060489922
-0.051844808248187504,0.001133319196393347
0.14986280929968135,-0.02849318457589621
0.142574776529529,-0.039806025788351254
0.14245142323802595,-0.01177280516655194
0.13956463489525506,-0.04021205747833216
0.14900260917988215,-0.005370542534259304
-0.04518695044927314,0.016375965871683933
0.14298660382886827,-0.016799135340450487
0.15261017687448974,-0.003196912871372677
-0.048393760360217766,0.0024897361172332984
0.15431079879958756,-0.011930639074865867
-0.0493106014294393,-0.001339540501588391
-0.05063771046221835,-0.006001179537305889
-0.050959744413784515,-0.007127120187865047
-0.06155978513064254,-0.013657583927060504
-0.045514130563457864,0.005009470123019806
-0.05464128908137899,0.007550273700635883
-0.060728236577767485,-0.031159066954726436
-0.06443655622260924,-0.036277738342327136
-0.04844476349565606,0.00814934394759166
-0.056301181549864916,-0.009337033252128283
-0.06365710940792095,-0.034754376667154266
-0.06251347405010556,-0.016018656329165458
-0.05686070266270871,-0.01491912971917797
-0.05888202748486704,-0.010805568669679558
-0.06263826483546138,-0.03392747971869978
-0.05201431649338084,-0.009178981481232673
-0.059967534788448976,-0.015042147055092799
-0.061283404068775395,-0.027786140688729987
-0.06007352062672663,-0.027989819555009045
-0.054764812429161404,-0.027748084640190983
-0.04981022523771621,0.02378000688459604
-0.06750413731451341,-0.037619384047240724
-0.04939186116437703,0.006530532685134818
-0.05510626362255716,-0.008564519207373123
-0.05735049876700272,-0.016959928418862895
-0.06579949053445523,-0.01357497987833989
-0.022097116753790697,0.07208447553856856
-0.05564791030871955,-0.013578611409007546
-0.05252518595142513,-0.0015258042367535607
-0.05438512878542052,-0.017805595492479127
-0.05987286784758554,-0.024959214608826382
-0.06139950213922059,-0.014885065553485507
-0.06586979972382291,-0.032883815191737525
-0.059371354307917505,-0.00826749601183025
-0.04897745072011292,0.00030338406397393376
0.1480175988189485,-0.010658175241003029
-0.05778549716402899,-0.005869304436265374
-0.04350986522382828,0.0068439873917804685
0.15024248592158035,0.0037651712429561885
-0.055208378326369115,-0.00808961261296015
-0.057024649908051596,-0.013101745070467552
-0.05109765810449802,0.005643286166500755
-0.052160517668490274,0.001958655488600717
-0.053911480266438334,-0.021278103196917808
-0.05563934977658817,-0.0018672734025188549
-0.060003760261353574,-0.010700715203327202
-0.058131493140318506,-0.008455053557032155
0.14793902699375952,0.002356546702333983
0.1441773799356811,-0.013570965458518639
0.14307439408606396,-0.005678849717243733
-0.0504738875670677,0.00794145132722578
0.14328501681035388,-0.018463677640531855
0.14876569677526896,-0.007337372193900745
-0.06670988284049036,-0.02649689865329607
-0.052218841183207444,-0.010379067517342714
-0.053598623898446635,-0.02710005678463697
-0.05392429200498519,-0.0013328086193201796
-0.0648429887607447,-0.015753353295734195
-0.05601805543800561,-0.0035473154345803852
-0.04750895497045208,-0.012996696769306645
-0.05419350774073468,-0.009400086323803774
-0.053705541491945986,0.0009694899613342177
0.14950542452344764,0.0034509822178245882
-0.0600539171134982,-0.014361875783942804
-0.056798299965606244,0.026901913267694227
-0.05933214869187726,-0.0125794203649452
-0.050675631702251825,0.012675095855670327
-0.060224657748707285,-0.014765638972311748
-0.050120519797335256,0.010177241538910973
-0.04343883022223152,0.03231922705160689
-0.05690541395884634,0.005698606991085888
-0.04192634279352206,-0.0012923589193698042
-0.04523580588012588,0.0022840517063257254
-0.038860900727431855,0.03835295089986858
0.16521438395672272,0.0932985723266554
-0.05739322468602274,-0.015059510423060397
-0.05439098162550753,-0.011367803875451169
-0.021038174237285597,0.00616678916392867
-0.05926071970428877,-0.015834668966102194
-0.056671777247196374,-0.010844732421995669
-0.05222099006053464,-0.005501907491281592
-0.05701866833683741,-0.013562779786804155
-0.06227492421154934,-0.02996755654123739
-0.054681690972004995,-0.009647869004011007
-0.021714627890792915,0.07774315392063418
0.15171837196287621,0.03146061108823736
-0.03318550265269661,-0.014102455852931973
0.1577043925032923,0.07399568013838681
-0.051409308531739,0.044843491349743546
0.0037435351150574936,0.04438916403912106
0.05521921593037763,0.08021508052452908
-0.035419267120709676,0.031428587000935655
0.15725366032617266,0.08261716830326825
-0.014522658347925025,0.07701451755672234
0.1542234444570727,-0.01685988751392796
0.15642501347328408,-0.018654559328749657
-0.03431976761224042,0.022660860580203744
0.1468987960279942,-0.02888386256493544
0.14014579599855959,-0.04154265637311757
0.14970506310639553,-0.009664870777792605
-0.05469259995432546,0.0016163151299398019
-0.058478981625530654,-0.009356597879314369
-0.02250085688828061,0.024729481608859148
-0.05853164068106146,0.0034588464862234346
0.14612027532754288,-0.02494189269480223
-0.04143754681146486,0.01658229465158343
0.14167338216225905,-0.031925619980255504
-0.06590189983899519,-0.0302540492741548
0.15162328776979914,-0.017646797661505287
-0.061472416795227275,-0.013369045202826365
-0.0630458323166064,-0.027731704744009864
-0.05202487431953512,-0.008284218838161623
-0.05308405627409116,0.01728643257123834
-0.0515261998015298,-0.010902140156384516
-0.0483340858180524,-0.012689679969642428
0.15622662745382326,0.07445737061833875
-0.051422584562458414,0.0034442192236732658
-0.04325743645246161,0.01614283801186607
0.1564254303166945,0.0015934859227357456
-0.058922428639413243,-0.022954543458105096
-0.00500189113352351,0.0905647860230883
0.14865494733384652,0.03665330183754664
-0.055088941897923384,-0.003327259017258862
0.09772535260632227,0.0009523693446932787
-0.05313030419063348,-0.027545782055214112
-0.04304650845106865,0.005859853041840072
0.14568259133610093,-0.027794294396320855
-0.05744131477472334,-0.01548360735204207
-0.061230691542626246,-0.018442722846460764
-0.057052672829422925,-0.011028195497360971
-0.06083889468153121,-0.010347680252574843
-0.009066818378928379,0.05516818220688507
0.14500755367598983,-0.01688520087357968
-0.048906519006107464,0.009904940100892629
-0.007562249613139876,0.09392671674402893
-0.05645942345690482,-0.014356616302849104
-0.042929117242023515,0.022154674512064654
-0.0663605030566366,-0.022439393008700455
-0.027836345601068423,0.005801340974034635
-0.05219296710325623,0.008962725755624831
-0.05505308483827217,-0.007848438737707634
0.15842836695070808,-0.007476827007430779
-0.0533247918139513,0.005049511861391049
-0.04441215786274714,-0.0010741734677970356
0.14479093192631257,-0.007730357358065598
-0.05367969826400146,0.00845824337379307
-0.044658688201937385,0.02260297096053657
-0.05338839810096457,0.006865996812113064
-0.0629583086482944,-0.0305927358220736
-0.04773542308692716,0.009459077619992982
-0.05356142207841141,-0.004730049082453417
-0.025356765312398513,0.025456286313811742
-0.05619983116107359,0.0024065312066658424
-0.05869071731320038,-0.013910939598000285
-0.04438146668123844,0.008445399042497255
-0.04988837744495737,0.005516361876962094
-0.023565047963385856,0.07524063690590646
-0.06446440092485402,-0.02727864580509779
-0.043850260155832925,0.017379031271723685
-0.047658120454936406,0.005183705069708238
0.14552118863582825,-0.009590417720758165
-0.06113845066823784,-0.016437108832221284
0.14848121052689592,0.002638487551505837
-0.05733721330437127,-0.006766080490322948
-0.05464798884875458,-0.002172100681900273
-0.04951165990886398,0.01334748850384742
0.03006224989919865,0.05750458920016393
-0.05486424348864683,-0.015386021914443089
-0.04338660440946419,0.03458755381837828
-0.05220716784491,0.008856831768437965
-0.05975451925613138,-0.019217771747948174
-0.05856348175187747,0.059151750502409284
-0.05571093919742729,0.001661875023545506
-0.058135231879611976,-0.019993419330312883
0.1582663752057991,0.0822790399190274
-0.04208636911265453,0.028861549621196886
-0.04764983292935212,-0.011962824831251058
0.1424794383895191,-0.031751572840094645
-0.06149063177304846,-0.01973779836995456
-0.061829163917386014,-0.015602167674514378
0.013214752117766466,0.0848819920405343
-0.04688390477672923,0.0036147060947809193
0.15186569335686723,0.005095524215119161
-0.055904768863064024,-0.009179327696530156
-0.05365131359930396,0.07261095423192153
-0.06035267727496024,-0.028338354651427013
-0.04879207811374008,0.029033059344555145
-0.048733049043553925,0.004755715721142485
0.15767830521915402,0.027114214211893056
-0.04282832601582632,0.029941561044808714
0.14866132388502412,0.0046755483218033425
-0.06489274284322011,-0.03468780758741521
-0.04503197473081596,0.02148568354095649
-0.05567267047983296,0.001277434058107096
-0.05003461557959394,-0.00358066641009799
-0.04814399024711998,-0.001518954876489837
-0.055987846913623816,0.007434512637335223
-0.0537290506604548,-0.014785374979993198
-0.05310188631845328,-0.01958439829104706
-0.049226363099233054,0.015089920499796869
-0.05548864791075535,-0.005279406766721878
-0.0634285357687285,-0.02944194474948968
-0.03486510380547509,0.06340063440115144
-0.05402957265850031,-0.0071550755193603545
0.14773734536511252,-0.00454053654044529
-0.047348926124705724,0.022783899621198436
-0.04495414110527572,-0.013787319574275229
-0.04848727438543783,-0.0008045263119966123
-0.00304310245663101,-0.02242789109717414
-0.029187701043538503,0.06558654167284171
-0.059894176175765236,-0.02705726893459771
-0.05669944070778857,-0.006156786746640966
-0.04666044139282196,-0.002184702436297267
-0.057288607869994346,-0.016305742424426162
-0.048433652809629815,0.006293939793021133
-0.06052847832469387,-0.023301461503306243
-0.0491881848011466,0.003143902963581439
-0.06347697442921602,-0.03432927532524479
-0.051502273849486614,0.004701740333175538
-0.006765312634469945,-0.01083457686973039
0.09290311019991342,-0.00992355177097259
0.15935153418944348,0.08263455364956913
-0.059490913578029325,-0.0010274307966219778
0.1469043861791518,-0.03147813759837019
-0.039375071018285315,-0.006114373499662938
-0.04841915883520402,0.001004271487358534
0.1422602789136166,-0.024701625380209973
0.1456179527375871,-0.025719291112670663
-0.058760203908477936,-0.026847064711580958
0.14871346559202733,0.01692721001078774
-0.05363807867028424,-0.0036518428006849226
-0.06358432303109135,-0.03228686199418834
0.14498043694508925,-0.019481945420673146
-0.06261053900174653,-0.02940717974738031
0.15222667361539,0.005375589614716642
0.15461131691121233,0.04473423548499307
-0.05190053528352328,-0.006808662705198465
-0.05485895073442918,-0.010623424883426004
0.14761139830154185,-0.007233529415738881
0.15026799605797242,-0.024603045138804933
-0.050799690573404416,-0.012261853193133389
0.15988182121877903,0.07057428731838956
0.14392226267660255,-0.02114467136379691
-0.04405793687525848,0.028532888095416927
-0.0571564874299022,-0.018424974873140466
0.15115941250156562,0.04530249601350678
-0.04660111978712597,0.012110654694462328
0.14594703531518194,-0.0325735314811739
0.1566174653826491,0.07622135811354304
-0.05164742070828503,-0.0009453178970953634
0.1426223501548162,-0.03260202929519024
-0.051743352582395354,0.009269069827603798
0.15166070218998934,0.06654868062383545
-0.04720392603591018,-0.007510142318083226
-0.06023513140243798,0.0028605018024368285
-0.05363627948725347,-0.011121757055837045
-0.04406215208586777,-0.003949977400503778
0.15339502900715266,0.0010815578115612944
0.14333354636943085,-0.03706481848320117
0.167951379487148,0.08862512482128793
0.15129633778552506,0.06789768611690822
-0.061429446473538894,-0.012859977462319407
-0.03951962165281703,0.01389403598177132
0.1584733908606704,0.07160264215583857
0.16195267819193496,0.012426247450451155
-0.04852847723941138,0.017908014421902364
0.1528027726185066,-0.024114260965512162
0.0857485670008709,0.0005506188879931477
-0.05009544224801722,0.009076689840893213
0.1395981282712398,-0.042269874191426915
0.14960340251146223,-0.03213140439215576
0.1620044734827464,0.00856318872954655
-0.05436122093270951,-0.015029128633634347
-0.059751084423415514,-0.013110931996551271
-0.06231477760452342,-0.015934431752203736
-0.06415574069991282,-0.019482152572648997
-0.03336609116568227,-0.009582825943876671
-0.04124952770119218,0.013797147351200051
-0.06117283993869325,-0.019638240946641114
-0.048861345947328626,-0.00912424618210615
-0.061248106083361065,-0.014624208361432585
-0.060238448087402446,-0.017970792453011048
-0.04790431088145482,0.027406555888551877
-0.045903180475546014,0.041485972850904815
-0.04369308655124439,0.06693936722137771
-0.061530848269972,-0.024095775899781305
-0.049191002198364926,0.02659523233115849
-0.049831673816008976,0.0017793393414823934
-0.05642189874413483,-0.028890896751025533
-0.05571950938236336,-0.005493622448839161
-0.04784162545630229,0.07861279052797647
-0.054028251460296106,-0.0001340151348633391
-0.06258502543568803,-0.029928693783641314
-0.05323812607100516,0.007723563526941323
0.14817358390285107,-0.001216636379226566
-0.04579603825616215,0.012282002442424615
-0.052835660905535826,0.019623637228581212
-0.05278093879352565,-0.015624597332315533
-0.00047080497456161556,0.03345346664302267
-0.06112014510855417,-0.014314845498281888
-0.04364987402074275,0.04275117825090337
-0.05986136986862198,-0.02736528906879976
-0.06788851226348747,-0.03240994680919907
-0.05242594026104402,0.001956260265900211
-0.04328134469520198,-0.0023994089488475
0.147548865712991,-0.02075389777367307
-0.06429622182913974,-0.024053439495953736
-0.049057082283985955,0.04704235516055386
-0.055216308099157466,-0.011467125306607942
0.1469925192941758,-0.013367443373794013
-0.051045972049759115,-0.006085412023228724
-0.057265747195150304,-0.01408051876969986
-0.04375228478277122,0.011390720404571673
-0.0662267551861095,-0.024641447957943034
-0.05971359061228556,-0.011716927564426601
-0.04742741979931066,0.02514740143253395
-0.001117582840684385,0.0005359297161529543
-0.05011806811165063,0.005780019919863174
-0.05126120920765125,0.008650922465802898
0.1496727615775228,-0.002687012542487024
-0.060673911171508985,-0.020725162112486088
-0.05630764608513342,0.0026464517700587062
-0.04979404663578858,0.011890865627029078
-0.027007926836526138,0.07040262097989047
-0.029370033666858936,0.010914491356712464
-0.06151092494441938,-0.024203331737901783
-0.02871970490440064,0.052559285035144836
-0.0451549264693046,0.019173441454120015
-0.049752680869752,0.00043209226943776157
-0.05299527289667338,-0.0031508317792363957
-0.053609240813649296,0.0032196236906401727
-0.06103429330054487,-0.025262826094795122
-0.049345007461812196,0.019596596743440924
-0.05538884243761878,-0.013255025213779472
-0.06367294690158039,-0.024893570957609967
-0.053165772229993066,-0.018493992099579224
0.015508208385125516,0.0546653210749527
-0.05582749877704658,-0.006117769756546468
-0.06291141189295088,-0.027257930944036918
-0.05520113755621077,-0.00889654736120769
-0.05065817035171568,0.004466968465832276
-0.04741382875341585,0.01554936323405569
0.14772264496657567,-0.016749418001929566
-0.04825988376222404,-0.000953829181213418
-0.04662939991415432,0.0094941018720903
0.14532433745708745,-0.00520327472739446
-0.060083469429712995,-0.0201198502522845
0.15281631980029894,0.013619405396065029
-0.04526566612106215,0.0019041108173366388
-0.04808128096484699,0.047117984614340365
-0.06501071006800593,-0.018968375001781217
0.006440973138687141,0.09030666398507858
-0.05938201293306147,-0.022131957470092535
-0.060219439924540756,-0.021989596022257973
-0.03933550884604497,-0.005529218501166194
-0.05448108784998894,0.0014224589557080638
-0.053628827148371104,-0.020674781799027573
-0.05188303938010241,-0.010396662886292915
-0.06085658979726841,-0.015736701495280007
-0.06321511255119668,-0.03437165085062357
-0.05878013629179796,-0.009544974560704729
-0.015551723043962035,0.06039078178233551
-0.05918328395888251,-0.021307473828877075
0.020631313003120363,0.03955534218227846
-0.05688039537019789,0.004361512511158622
-0.05954170882148168,-0.030651593223020225
-0.055017062025283815,-0.010814248559793339
-0.05569927160130427,0.0010070658841200926
-0.05954589229361697,-0.011733711629317824
-0.0522157336184084,-0.000146803504207495
-0.05732028028238204,-0.0038205165865562267
-0.054206946508222935,-0.011307931683344472
-0.057646615417321,-0.01052896600471525
-0.05596108749042506,-0.004300313315378399
-0.06026639202804311,-0.007420895459908334
-0.0536336496526022,0.005973126841667671
-0.06250154333926124,-0.029201029056285494
-0.05088264625585682,0.0030731042374074835
-0.04891570107274593,0.0009340624034981288
0.14663197336737546,-0.006835278055273568
-0.05513749431291878,0.0010434653684659346
-0.04956394045137339,-0.002208547931531291
-0.05254397990588535,-0.005164008183932022
-0.056226158007885996,0.01592999897003775
-0.053110167701169816,-0.00044036616232936336
-0.05564731254990328,-0.019864957503589395
-0.05620504754807053,-0.018834544426816313
-0.05110324147123951,0.008074487632203572
-0.034550262438513266,0.024097506789637495
0.1554246243965331,0.07263029283644898
-0.04521969676965672,0.07798581398404773
-0.010940394398526137,0.005372544299721263
-0.016969149944153415,0.015673330241654456
-0.05676800506117805,0.007407526512688521
-0.0560925822298449,0.004252882578377616
-0.0627955855246279,-0.025578300756943444
-0.047617525836554105,0.0020606957287704255
-0.06057850751898828,-0.0200220847307071
-0.05244257957762931,-0.004735607295966223
-0.05659612739743035,0.06875016679200804
-0.053540474686391726,0.0014784084822034521
-0.05699232672063539,-0.018646056347103368
-0.06263532194103037,-0.027132077096860184
-0.06139755455925122,-0.010048606476641752
-0.06270523818262341,-0.007949358815837332
-0.06006830162949447,-0.014202586890497996
-0.059701954494097056,-0.02205524054059929
-0.005115837760931027,0.05955072029347499
0.009836800934600503,0.06763626650895084
-0.05178849939762056,0.0016415737054016766
-0.05247639627982141,-0.00675254383871688
0.14787462012411715,-0.009032215731150756
-0.05693912196292712,-0.006138792816675979
-0.06639462065553457,-0.03217369625723208
-0.05629253632463586,-0.012025465208129778
-0.060805171627134,-0.03093412454243632
-0.056801388452921334,-0.013673999960826211
0.013922106497030908,-0.009344880332001036
-0.005312062806018499,0.04992889318276141
0.16346352047737628,0.07743896901704546
-0.017808049964899594,0.045901250041023495
-0.04456124463925814,0.00813104471000633
0.15186551870888904,-0.026498304437381787
-0.04291138242053888,0.007465741302892309
0.15218538380629973,-0.013007308240389082
-0.056317719414526984,0.07160021253081662
-0.05400422215909847,-0.0073523321651011156
-0.032064558643320744,0.061230108642308864
-0.05985577756158049,-0.02474747167683299
-0.06311262458274082,-0.027026255875103874
-0.020592367489280082,0.08180508979625992
-0.006661726138663514,0.02717870277334672
-0.05676199040429617,-0.011545609042560254
-0.05272851343822065,0.07805149823705837
-0.05263858151293734,-0.008212673588754693
0.1454381339628415,-0.006757354043386939
-0.05745232802358047,-0.003736487172131874
-0.057672826938843264,-0.02501283828911625
-0.05584005487333486,-0.016667866689364336
-0.047389053306005215,0.0029045849018908745
-0.048106319787685155,0.011583597993675091
-0.038783107778663915,0.005210469708947473
-0.0692143166783967,-0.033988178416477825
-0.011954139622696537,-0.022204598324322717
-0.055960706027913476,-0.006462915343438466
-0.05289526575532313,-0.02413968441824108
-0.05881683361633691,-0.025145033542836828
-0.05229393281278427,0.024715552698842794
-0.05709486314653009,-0.019028494538540597
-0.04776480373645557,0.01632117029936501
-0.0654891674241282,-0.02646646530185621
-0.05486734037577847,-0.0034515269371322302
-0.04440874128544657,0.002810087714630598
-0.05200503590314561,0.023680552066081974
-0.051658816342588725,-0.005200481626181312
-0.04335655136106392,0.04109663631173133
-0.05429899393953446,0.0017451568909518011
