-0.016043477804901778,-0.007889253356148509
-0.030538232569923024,-0.021646157808157575
-0.015413779571473657,0.009758699548621989
-0.02016910787576488,-0.022468813225195276
0.019213795461153354,-0.0022488444847317437
-0.031195102251006294,-0.0195783884683009
-0.014809213268420359,0.04052081337110799
-0.01325457285561968,0.030525218817700747
-0.01995742629158552,-0.02155915620515452
-0.017020653410138836,-0.01711818713946915
-0.01144514227772196,0.02472503588257857
-0.020702682544805437,-0.023926567213218904
0.025301498481815437,-0.014094864006699698
-0.019651612116377483,-0.02189714870226432
0.014071512773368018,-0.016615857286559205
-0.019792119345047102,0.015830953935010685
-0.012693783918359772,0.03053672477428912
-0.017732296472638773,0.03875952469786802
-0.009643807670870924,0.03792196622829374
-0.0299248260764585,0.022202268364387188
0.056390792357902196,-0.025454416158878758
-0.025424335801360144,-0.02924544375613657
0.026411173971646888,-0.013954655660058919
0.03161639881970483,-0.01371373375309903
-0.02057085900695489,0.022701235023539997
0.029718590304973487,-0.0043123578580827005
-0.022066739877320055,-0.027344856782608364
-0.01874813518602743,-0.01470975337089755
-0.01421291854055685,0.032565052053122566
0.050507480851047074,-0.013444381186514918
-0.014234492037311591,0.03150835594019122
0.03048464180599325,-0.012021655980710793
0.022024470653142295,-0.025844011573461393
0.049647119363652716,-0.0216347614369632
-0.016861755055913495,-0.020914985335885504
0.034917147788628956,0.024410678365577896
-0.01627738080856152,0.0036907429543825204
-0.015962942681644936,-0.02107706361050585
0.022632875011718755,-0.02720558747639702
-0.02928517328877037,0.011541235126865732
-0.022924971348120503,-0.010594951919044667
-0.008880929422310311,0.045471584915210896
-0.02717715350889559,-0.00645348021443332
-0.018217698738294572,0.011698522624958338
-0.01577506398576069,0.009399356815432053
-0.02176538510941961,0.011606348158409652
-0.026492487069605677,-0.032882891991633655
-0.02705687540898365,-0.05744680005551839
-0.01743444397373143,-0.010300764449358124
-0.017713038164527555,-0.01646653185893906
-0.023260585728439632,-0.012704214333228693
-0.022297037794701834,-0.02112800650351922
-0.013201728036121857,0.02267579478924347
-0.032325402689462525,0.04952474781842695
0.022983733482435938,0.040421943202048186
0.02866160257609139,-0.017375490558712983
-0.01455903844149426,-0.015982539895859755
0.03285216819660076,0.011612619719990074
-0.00471162946755706,-0.009870871992108659
0.02873828404903477,-0.032872675244511394
-0.014240452957308096,-0.006337003035126668
0.0504039265770839,0.007157908498524479
-0.016200353347501077,-0.013611169400388711
-0.015849846794010355,-0.013487174167989701
-0.013633176701893308,0.030538925261909444
-0.020447124290474825,0.03466355785760113
-0.023476259351895915,-0.006429057100616252
-0.01578942267000147,-0.008236683438298819
0.03773287487951239,-0.021246046805303044
0.021049032121263495,-0.03415228836811023
0.025529771713408197,-0.014435646033653039
-0.018383184952232005,0.05102189179914972
-0.016088714816170406,0.019615596370399203
0.024461547453256398,0.037767093082681745
-0.0179387503059897,-0.007663745527823574
-0.011701456264550734,-0.00037128100441698164
-0.02557666216634231,-0.03832762385862736
-0.022274742743879514,-0.008510667253594489
-0.015488644930951,0.06460488904682324
0.017738166912558084,-0.05193146535390614
-0.01488109639847376,-0.011921251040861941
0.02505931653995263,-0.022915031984011226
-0.020326778486649204,-0.013341166205995939
-0.018942758830444956,0.04541361480345087
0.03250458191010105,0.012471476683991338
0.03280572320835171,-0.007958527911921833
-0.021516976938751094,-0.027807374768550313
-0.012464527034600234,0.02486203098543931
-0.029439888991759488,0.0222874330778764
0.06194285884904671,0.03298904571787297
-0.02494951083150079,-0.02275295459609674
-0.030479399275232737,-0.004418732077710585
-0.011223175215271178,0.04151699744781522
0.0581448754998205,0.02200296655887379
-0.01969532276476466,-0.021414541366459063
0.02441740388442078,-0.020009590615988695
0.034135214079078956,0.011792290586494338
-0.019542676117324888,0.005877977261662824
-0.021959046247318724,-0.023647031195242446
-0.014220377697582628,0.024489448496911176
0.023994842077547054,0.012711600716929233
-0.018879142897061323,0.025581494477536628
-0.03169763275301399,0.04361256702187058
-0.019319086133024264,-0.008139402035586238
0.05118336381413887,-0.0030329475968849068
-0.013496783146844889,-0.010629037291898054
-0.017425278228412326,-0.015263094103584385
-0.02895957122387164,-0.02175486206641199
0.013276038706593218,-0.02767108766386024
-0.017197376106378354,-0.01276513814372188
-0.015297763463922883,-0.018820793987706703
0.024530220179626933,-0.0010927485212346162
0.05854515924516157,0.012047091935233992
-0.010796002115617482,0.0010188412571933074
-0.006070246286908757,0.005724526037085862
-0.022210776352253915,-0.017923690756098815
-0.019699374285446877,-0.031542814083539095
-0.01491766116224213,0.07241666656940217
0.02022604885332144,-0.011899379085482912
-0.044751388360189555,-0.014764990535636976
-0.014772934655047028,0.02426846550630772
-0.016763704302148803,-0.014914459364650823
-0.018671060838356523,-0.01101626067198637
-0.028289211927461342,-0.001862801795653281
-0.02416451045301429,-0.022112730053278986
-0.016139965328966163,0.027618955569544797
0.046810361685981065,-0.029769983914162888
0.06326780208026588,-0.03777810249994325
0.010789158935501877,-0.0177377386919958
-0.015516260895584678,-0.014875253599601153
-0.01750236359976295,0.02604942603005041
0.05207372470373347,-0.00029793393337801226
0.02418427608180015,0.040882957709069474
0.038677039702957675,0.015383626324417345
-0.016407834204043004,-0.019075750570952867
0.026941910840563885,0.009698109019803001
-0.012953427438293181,0.0293213265218527
0.021467187317229425,0.024512690453287453
-0.010188349504751698,0.031643668004828915
0.048944224338853426,-0.03623609140588593
-0.01827142888550226,-0.010335872118693265
-0.027705828456989712,0.003295800375156462
-0.013670616654832242,-0.014384171559244536
-0.015286511268215135,-0.012394299019263467
0.027464120708258852,0.03924033288735911
0.025274259350124683,-0.02402269331603887
-0.012161621683389192,0.02935659604301661
-0.018808300511669745,0.013062590742673075
-0.014199962795299557,0.0176621297921805
-0.014149745515783761,0.028718218331363128
-0.020241817038215038,-0.006849017252040388
-0.015717049314723567,0.0026983306940829756
-0.024384183050195386,-0.009481130931216351
-0.02131163197926399,-0.013868066530788174
0.06372157558802487,0.032706540196008084
-0.011246049844375166,0.008477849631364871
0.022848104840985844,-0.010586482888734528
0.02598636723588029,-0.017707668285348473
-0.021366325705937755,0.008219572997657128
-0.012030042413645782,0.03245561061329393
-0.014277216141614606,-0.012241004044102397
0.03595538497447289,0.017078889457125594
-0.01399470069373557,0.04271302720730853
-0.014608727939206461,0.012652929819910211
-0.01106019998021433,-0.0016149024663712306
-0.02156230834531134,-0.01982215056774487
0.05590469186211732,0.0009904835483135607
-0.01829663272831168,0.019833047528999167
-0.014212420155353907,0.03064889252469279
0.026339135106197117,-0.006853592977025475
0.027459048800377705,-0.03307328675550397
-0.016943382616589363,-0.008747436086093489
-0.010875300492654968,0.020605544166367996
0.025962839606999116,0.007995618888395149
-0.023953777807420057,-0.006712959070076138
-0.015043938452308817,0.05739683754028449
0.0027410825249228085,-0.020335440081256716
-0.027957381557985383,-0.032212694274562435
-0.016727158638142146,-0.01226761544718572
-0.01696935770096321,-0.015438956711048609
0.033387266954998426,0.0006854954042835015
-0.017944659921877743,0.0023916478886513606
-0.02020911030351191,-0.01392682359821141
-0.017862213929208996,-0.020634291341648014
0.06104384525990108,0.001034367542437085
-0.028722575426466907,-0.031687803034550155
-0.020195368239734154,-0.0032726646144458603
-0.018820357512509937,0.004252199276207004
-0.010616359554253439,0.06170562137329054
-0.025614339280038385,-0.007762923245464126
-0.024048256841282947,-0.02299233699752924
-0.021264990070736418,0.01855128093046472
-0.01605898011177079,-0.012466004670194788
-0.012393379813066522,0.019095753821700038
0.051912419415432245,-0.030866607732944716
-0.00449915863795561,0.06502204174798182
0.015112349376705157,-0.019286106971893584
-0.02482588886420102,0.003503313290885266
-0.023839082487468105,-0.01846884375570045
0.02700268664346748,-0.020291866839893088
0.002024901780189397,0.025427620116547017
-0.021936830245158336,-0.002546525524402744
0.05426190837968967,0.015928939105559578
-0.014384742157817574,-0.0004014136040619476
0.026737251254523288,0.05981339369367911
-0.01094814492759764,0.04429583098836913
-0.03410554201039033,-0.01544733436839022
0.025951876555853213,-0.04125943608644862
-0.018421980677785003,-0.011736336990459789
-0.024806452696070215,-0.019074200413083352
-0.010666956528508766,0.027303548860508363
-0.023535683026782942,-0.012723887995742996
-0.02665308468821179,-0.026465506450339096
-0.024314015552465762,0.022597133815477403
-0.011008985579652658,-0.003041294160122203
-0.023856643346555916,-0.0156559189641255
0.05140172864578475,0.001343064502875266
-0.022542748917814565,-0.016844685839938534
-0.018047499944554322,-0.0007016429825116355
-0.020663069721937426,0.05168297997818521
-0.02173640142807834,0.030803175311370237
-0.016468911173629242,-0.021888026997994112
0.05128515908329305,-0.015964026835288855
0.01609010666738839,-0.016692182620092783
0.03315573044697251,-0.01151949189035374
-0.016454287375995927,-0.016054400994842795
-0.020261159633908895,0.032125460817097704
-0.01590448796903082,-0.01848324481253804
0.035308333355551176,-0.04326420733778959
-0.017940362419300547,0.011048595333292086
-0.01858635502035881,-0.0016225259571813258
-0.020188244245575256,-0.020693753584837115
-0.028223507056621456,0.02627243956301391
-0.012942022686109647,-0.00813481995032183
0.04819775504995189,-0.01717022296203976
-0.017052413078020297,0.05437407294925484
-0.02400570387466653,-0.01872347250948589
-0.020471341242686347,-0.016260520270377336
0.0548973114682904,-0.020398155943957292
-0.021478660109026305,0.04383326859616975
0.018201708538883345,-0.04891956963512162
0.03855205750298965,0.02704043600121791
-0.01784065323246346,0.03484765880286852
0.026187279087641836,-0.0073244245705930385
-0.012215595273526654,-0.009859506601932065
-0.018858089092308187,-0.020528607516475807
-0.021644566103548875,0.0017268900434036594
-0.009847987912387814,0.04489223690180346
-0.0304238803770959,0.0037649743680471764
0.032433010402104404,-0.012416261662145876
0.022129347152725617,-0.018125466314221055
-0.03295145074499683,-0.00852943011125605
0.026276061879844274,-0.008319549978428518
0.024784853535174626,-0.009504966575946154
0.04634102865485561,-0.019007657110009055
-0.010454887364362042,0.044497434803871846
-0.009021449104770237,0.04687777770939402
-0.022870345534357933,0.0031711820775976065
0.05923824292221342,0.030719719079065285
0.03434988155371305,0.006548417090166255
-0.006746148208878054,0.045749631057179746
0.03597789636951164,0.003347391007404201
-0.020420630398912093,0.0024835438569840037
-0.02353588117990627,-0.025919375559184048
0.06039046943278611,0.022803119169841485
-0.007759558739944008,0.03760181844300967
-0.024132172135939347,0.0400328864668466
-0.015838164948775175,0.01732940963417578
-0.01865034511666949,-0.01563584363309822
0.01623251462041854,-0.004490120314595966
-0.04052727063350829,0.0071233721442212055
0.035508616762783766,-0.012416842605449164
0.02654006438108485,0.009328182618163181
0.03635356677998788,0.022567156397950684
-0.015464444052838144,-0.015028030922355698
-0.026624100486644486,0.06626557596290818
0.017080988809980355,0.008386394773650075
-0.013291276822167231,0.028451344632850477
-0.010021589316457838,0.002485921633192387
-0.014303726409078055,0.04200671336387202
0.02485715512951565,0.04852920234457668
-0.015677902357919275,0.017702290160980017
-0.025433112392516576,-0.009239490951969588
0.06243517795570136,0.03240715953919157
-0.01355938034323578,-0.002789994106888047
-0.013691562451837922,0.03011013598622805
0.02583863397853946,-0.013702897342836454
0.024287059994851156,-0.0011295651571062591
-0.021176262249249914,-0.028778520542022314
0.02897675944406144,0.041692365109224916
0.03029938564410223,0.0028936530954165617
-0.021703175916213163,-0.025308559833098133
-0.017135670438866712,-0.018647833407963995
0.015475717104449858,-0.000979634053765379
-0.019199661509682536,-0.021695439340861013
-0.018463599662839194,-0.008786970633174346
-0.01837668535705966,-0.011655754537535302
-0.020402145583697923,-0.01674401601704167
-0.015555504850364946,0.02052650968088143
-0.023760677568114705,-0.02536767276994619
0.03160885791164481,-0.011535346170538918
-0.024362796479018536,-0.0167224476339462
0.08191609442528572,0.06331118379514668
-0.021253928452756646,-0.01997597740916911
0.04095105139859412,-0.03724726262335269
-0.023521463077361315,-0.028958157323056746
0.0159250992108315,-0.03788258352577282
0.029676275091394765,0.026954338356349493
-0.01547152776407154,-0.00713917634586499
-0.014568155179561847,0.025225358630134746
-0.022650558549555368,-0.016447580492644095
-0.0308693039623255,-0.04153410314225671
0.028848419445149674,-0.022593265196437055
-0.021918902736080152,-0.020954121347157798
-0.01712251037505831,0.002139047075667248
-0.0156881914486429,0.034355115866335266
0.0380968011348116,0.03503285332828683
-0.017844099034933184,-0.00537753251521078
-0.010858080820492142,0.03418028182240848
-0.023220861634304518,-0.027127647141480474
0.059813547684831665,-0.0008897946602049127
-0.010940299610670548,-0.0008574034544100133
-0.019196188612253848,-0.020083246359521415
0.022147676128946896,-0.030379918584899274
-0.01897186735425564,-0.02258788527645429
-0.01420770781240353,-0.016474437614263215
-0.020306444004187015,-0.011352511367148564
-0.022220687160322824,-0.0091353939019494
-0.018673245945523435,-0.02313188624201293
0.02819644326839556,-0.0433662201061874
-0.028920050598874227,-0.03141692687351345
-0.0131320127810693,0.034805707214929725
0.05877145107206264,0.019670325353561197
-0.027441214448975005,-0.006143824084304398
-0.01476874801356688,0.058770014170395374
-0.0243238260080878,-0.022707438257024568
-0.021302160092248147,-0.01883734967375147
-0.01995525447440034,0.011250910359393585
0.03126315256540799,-0.0059974815587361474
-0.022463012866250524,-0.028764602721719303
-0.017402017302652208,0.007889875680794342
-0.013572567161421049,0.027213003335938162
-0.017174937740397824,-0.012685969131603393
0.026817523885510564,-0.017248893735918643
0.026298842584990705,-0.011472077472554016
-0.007856339382769948,0.03978783552709017
0.007683234436744204,-0.014809120267577228
-0.016248256394452286,0.000964602340509497
-0.012261077262944464,0.05119419847095082
0.05626593051185197,0.03579742864903743
-0.014355243021761274,0.03760878128400667
-0.018512345676383157,0.012550354200347284
0.021014076967213503,-0.03355686027776699
-0.03324504659431033,-0.0002876957136166179
-0.01981945857702438,-0.015024414508454749
0.028688560668535684,-0.03791147180157125
0.04781462459469241,-0.032181801325863756
-0.026058797750172825,-0.005332033780674179
-0.02246693784194122,-0.022428406422741035
-0.01790901337802872,-0.017914465106795518
0.022850456883432877,-0.0078122439087414805
-0.020355128137205688,-0.028472839039729955
0.021003264851594202,0.011205269712034945
-0.018372847756726842,0.054623881740902186
-0.02286233427881147,-0.021957792325830006
-0.017219134593307674,-0.011227198225261078
-0.01906992238617038,-0.020443943586732235
-0.028640388361020147,-0.03242157978097173
-0.013827093817789866,-0.008123331856620697
-0.015918778726570985,-0.014872437623575511
0.04995144189554415,0.0025815625612530847
-0.018901432871334882,-0.029620098453823684
-0.01789042430082802,-0.021828574458603443
0.04351092557255836,-0.03462213685484222
-0.011743064587706763,-0.006629538468163406
-0.018374895032550204,-0.024146987645003636
0.020060124642136867,-0.009110063742486916
0.03228560576738241,-0.011426339424795727
-0.008409962858239662,0.04472811328300186
-0.019257611128549516,0.023177739207722294
-0.014455167817309059,-0.016577599723678154
-0.014712787605619853,0.01802299855974522
-0.021355557871243252,0.019175825086190208
-0.014537575005906838,0.012060366494001568
-0.018414623877356574,-0.02088906931397296
-0.014701420538290714,0.01165868180651808
-0.016764818787072183,-0.0168638150147585
-0.01638123281663658,-0.00936396813530313
0.029891811458168344,-0.013954643055710828
-0.010689903512874957,-0.008418413471416213
-0.011816887787001957,-0.009830485911606394
-0.017505569835495758,-0.018436184055158577
-0.016401705783782385,-0.002913869451777387
0.04936274641209899,-0.02923662844290513
0.06714783727523352,0.010422375116951491
0.06195752810019449,0.031912597741009054
0.06230404321356824,-0.019073130492709808
-0.02609042813254181,0.006119299776814777
-0.009513178108248647,0.044002244164277574
0.0458468629985239,-0.01709956798665029
0.06264494728675933,-0.002355191465130677
0.045741909719742284,-0.016875706676978422
0.05576771418805833,-0.017037139120446257
-0.011597506856221023,0.04831283918303612
-0.023149574656130562,-0.022295829262585526
0.06340098641584829,-0.030888321975867765
-0.015600730568947351,-0.01963924949128882
0.049348842946664175,0.011614667444558689
0.020805948670545922,-0.03733896690431672
-0.01523468772257772,-0.013375907706284319
0.05056532196864071,-0.02350109271538572
0.031757498599413826,0.016876325951219386
0.0545841360099903,-0.02009421481204126
-0.041779462019986204,-0.01742048042903271
-0.01878083894775925,-0.02075888217230502
-0.013144404408185647,-0.002019940091534714
-0.02170058240726655,-0.020363037546302067
0.025602547147746495,0.029214551560580383
-0.023004394307799013,0.00852966550395163
-0.015393151211291067,-0.00823048112736705
-0.020618101510920542,-0.004364855773252604
-0.01896822350918382,-0.008526105336206421
0.021487424645154858,-0.03901353337790434
-0.014116486187921126,-0.006034697283809975
0.029712185543313063,-0.008947549470322424
0.031538430079416035,0.03491611499454014
0.022097248306229108,-0.025727163359420824
-0.011998855900406573,-0.012039668640631367
0.02083030044155933,-0.00387752428861
-0.014877359388415539,0.024165198080326755
-0.020665877383499915,0.039802460766095046
0.07096806293514406,0.05172455223954884
-0.015054701543304577,0.01511791572318404
-0.019094536669115543,-0.013458351026811338
-0.03720116834860539,0.0016162186978089567
-0.017934842509101257,0.05606893835918643
-0.023450266027569132,0.005276160109470769
0.019432521485855413,-0.021124123039286735
-0.022894244348845304,-0.025478335681649415
0.03624172754135332,0.025647419479864007
-0.02123828878324883,0.0388334228958684
0.027144637561372018,-0.01907381566315842
-0.010843623703825151,0.002449723519261198
-0.004571008743644057,-0.013412693055058645
-0.02096030077608426,0.031111116505749693
0.02578352465569003,-0.02421904369874044
-0.013547629356425468,0.027589053357250932
-0.016517416374951025,0.03208689467608444
-0.01941982610268906,-0.025114644951291253
0.031402808895782605,0.028121399987334
0.02578812797945148,0.06153257873762993
-0.024701152230007094,-0.01569997367280016
0.027393579603812106,0.029127954194334716
-0.02254184272470904,-0.018434356460849913
0.020163160733624536,0.022580932119677644
-0.017177146219390774,0.005578787390774285
-0.023041964269452455,0.026163225517772046
-0.016501010336652387,0.016501962087972888
0.019577283866295956,0.03377828096586715
0.021702103103416637,0.004927887929135318
-0.024450574356048714,-0.022091313003522472
-0.0226501842505174,-0.02182176370534007
-0.01738395879104552,0.009887868910456956
-0.021189022622742262,0.018208221406063617
-0.012863628174275993,0.05018181254692892
-0.024843078594496904,-0.025489850526820405
-0.017409504092580127,-0.007134542083293318
0.02996507875935927,-0.00868154266242404
-0.019836561137931995,0.061923556744258514
-0.01637351223513331,-0.0006856403788698534
0.021146046985132318,0.034614843308955597
-0.02026448098364337,-0.0033077078019704805
0.030387657471228645,-0.016250629591626972
-0.0216188465027421,-0.02065420434626374
0.027342986069300784,-0.0219823300738796
-0.016164842370663644,0.03219307739744044
-0.013901569502515887,0.036333904413386714
-0.02329686414416269,-0.012407165008333387
0.03828745017686437,-0.051448801812225727
-0.011588476845152558,0.05735054661328468
0.028069787232136434,0.051093216421800806
-0.01648140341246229,0.040384164294282356
-0.024165195341179797,-0.01993335513604117
-0.0251949638498136,-0.026477056250574463
-0.00702647146551341,0.03779485311782396
-0.018897635139962978,-0.007586850971423804
-0.018784656026794258,-0.017751688664063667
-0.01220204855507572,-0.013978508939316353
0.022267195722535667,0.002085192104932141
0.012034966085671709,-0.01931663243129812
-0.018820690674230724,0.0184536255041634
-0.016590793623556033,0.011795875145337444
0.06758457000862536,0.03271416742272088
0.02883076704278123,0.022748370229991734
0.015305412218976397,-0.015446319417160799
-0.020495352838127107,-0.01295659512704065
0.011297771974552485,-0.028238317353190726
-0.020135926443865068,0.008670808866569703
-0.01885367398615612,-0.013763494025347729
-0.03898783134391311,-0.016276129619188017
-0.020842386362191222,-0.02417532064029951
0.035362002637114774,0.028182054090277808
0.030392917920355395,-0.014287024181388271
-0.018610676313493286,-0.021949400194619554
-0.02297181089818123,-0.022005363209172242
0.0494502609354523,-0.02709929836054494
-0.021403399000965877,-0.024525641109402543
-0.017283435465239246,-0.011668790406845951
-0.019513751458392195,-0.016239476484106938
0.06227160158077788,-0.0023276992804799404
-0.01915563425147647,-0.020636663751987517
-0.01257741858502801,0.034163165945873236
-0.016302281263229957,0.028216540449274626
-0.021839983693781824,-0.02260626540082313
-0.028645019941299293,-0.013975996015228137
-0.012242277554465063,0.027025714045014426
-0.017514623505169406,0.008824665949736186
-0.026875263692380625,-0.02540460093011857
0.05415761442052457,-0.03455186170250733
-0.01566933497964906,0.020115971884965438
0.03529498067475336,0.006430269353525202
-0.020982759481281955,-0.003952778735753605
0.022604812332590648,0.025664301375416886
-0.014987910554639886,0.04183016604582523
0.024573418637565306,-0.029847922815567276
-0.01462502771146849,0.028462278661550232
-0.02618632326193947,-0.013694655989239735
-0.013610126415784359,0.004336476790608506
-0.008476721919973371,0.017129915434537343
-0.023819031462247703,-0.02103300018508635
-0.021178967716694336,-0.018777907490740924
-0.013892291048657444,0.021693465726742956
-0.013075914560275017,0.022574552506506994
-0.013687792178153819,0.004320487785847894
-0.01238796922122557,0.017687616700142572
0.060077281292728,0.01094018451976857
-0.013334192450911966,0.04648036192869185
-0.016540489843488836,0.03372009005974242
-0.023421598308666296,-0.0012812807360433696
0.039029432956905585,0.018979760511955483
0.05562805590836476,-0.020500608642533922
-0.028771006207476295,-0.014705271954150242
-0.020067715009796903,0.016603926372168055
-0.02696168925530178,-0.021906517077338327
-0.015766621003711585,-0.018726066099865026
0.025244126587150025,-0.0390447597188507
-0.013553114542738536,-0.012005644769456944
-0.02444511419889477,-0.020996147618920262
-0.012917837821917022,0.0013761926865070114
-0.009962209183865948,0.03561951252566335
0.0193344578895787,-0.011727009636826291
-0.029916620694992645,-0.025213093733806927
-0.022827246382881326,-0.026443593331847256
-0.019552103646064984,0.00931555725591169
-0.029870282976217244,-0.008801262650851816
-0.013760520941077905,-0.008284663733870368
-0.017841873573847658,0.0016034662464143481
-0.01383862161274485,-0.004186846590635409
0.05287239475124301,-0.02113322250426746
0.041548794195896126,-0.029777718955823963
-0.00900231184149934,0.04289316102903916
-0.012566092967066176,0.04208068441920168
0.06247598156514424,0.041366732189279096
-0.016664579150363516,0.03821339609867016
-0.031117053961182684,-0.014119623625524073
-0.020679810407414578,-0.025736200146749728
0.021189885644085235,0.009696661777093683
-0.01834375272974591,-0.010094083974657895
0.05432411763546292,-0.010657008579074702
-0.014795453937994531,-0.004981955919835927
-0.014122296697526586,0.04211160914310439
0.024904081142034077,-0.022482641003820997
-0.02767464326928615,-0.02650876621086116
0.04278351787587196,-0.042123699306163616
0.02749429868199988,-0.020433120340191156
-0.01664555476854435,-0.021778264064605576
0.026902697322554445,-0.020107250525253435
-0.01592942457004783,-0.019590250912946375
0.02991474905464925,-0.010140804511982434
0.025092628126627603,0.03480814337045072
-0.025741894199244397,0.018626697215884905
-0.031174381111814236,0.009206664449393947
0.057641475698196776,-0.0017708415269947798
0.03160406262455788,-0.015032723447858533
-0.026539666483505572,-0.01865221491586465
-0.02237675021872725,-0.002407446022360372
-0.004952600797265056,0.011092033028804222
-0.020191726945448872,0.028078572880784254
-0.01743884722215165,-0.020380668552389913
0.03076392513827665,-0.007315062503621133
-0.02288699872682662,0.00027733561233030514
-0.021628031314350753,0.013792521933985549
-0.01835085642047613,0.03001563089492191
-0.01821755038824682,0.05377594249961844
0.030812477070643714,0.018312916421637043
-0.014634227145184392,0.02201278598774491
-0.016252247629065363,0.013561640787792536
0.06037253984285572,0.039915241497346855
-0.010742753400948801,0.04916554800313125
0.03300060902389614,-0.018422721320065682
0.0381837738800282,-0.01067194727929282
-0.018451992973977163,-0.024661628653529884
0.05885089481797733,0.018739696985432763
0.03139643943313095,-0.022585948976690372
-0.0075743058150173235,0.010399142208165344
0.00027900127472867955,-0.01389818359204545
0.02532343939395634,-0.004256088436661813
-0.013331928375327479,0.04091492836887299
-0.01894741552967706,-0.00560068594922598
-0.019772322222303577,-0.005053240434920872
-0.013024707368412295,0.03143268273399579
0.02441884479082937,0.0396091019131314
-0.022195989493901818,-0.016868944374610603
-0.019149436174443965,-0.004916464930812642
-0.01804698764908147,-0.01742240007327507
0.02409308342231662,0.02485340412331926
0.018128693338467658,-0.022216660806512044
-0.014974445500332658,-0.00641075436063275
0.03496925791661306,-0.022722256463148464
-0.01656726497144057,-0.017055051328225566
0.034130608075656384,0.020433469104614656
0.01978962096804324,0.021384152641666238
0.02540085927595623,0.0015797383413309737
-0.015253218239956099,0.04751724618659328
0.05797374246924599,0.020911361603322867
-0.013322701602516968,0.025738165727765012
-0.011381316604907451,0.008252275404981978
0.02593508712734154,-0.02443802067683889
-0.02921797100027999,0.017002525704623118
0.036093340737065445,-0.007948275578138894
-0.019767233972940012,-0.004844007293847128
0.06883979442413246,-0.02613168778043157
-0.02893330354369493,-0.013495024206030574
-0.01575305160540302,-0.012860926650775564
0.02140269780786229,-0.0001011417779011103
-0.01644412902960261,-0.0011117909313462316
0.060105275479801074,-0.022106631870325424
-0.016475907114491022,0.02249351900430711
0.053887252050061105,-0.012751978525119178
-0.014627815704882202,-0.009077218032401637
-0.030951117528929355,-0.02988049793965524
-0.021720264273541224,-0.01938463960471903
-0.01645348326301316,0.0004178597790687334
-0.016069544124210588,-0.009129530588366908
-0.01810857087449812,-0.009811666477586896
-0.021613807464856295,-0.018047681747375137
0.034292379642542,-0.004058589572868002
-0.02025704391919386,-0.018595851606949407
-0.02033467442690009,-0.023016623980517088
-0.019079090309747658,0.04104258107080539
-0.011216550413160538,-0.01816765099407603
0.018349565117330043,0.04343035631707064
-0.01968785874326004,0.0097057351291004
0.013833117299136014,-0.025619027606715212
-0.024956876822273193,0.006578466792236217
0.055544322124859664,-0.02510640604029784
0.049229863741745095,-0.01971652526106472
0.03169124112544824,0.014301925244368026
0.05302368073245701,-0.03014336106763908
-0.018546171231692634,0.009229561615659522
-0.015483736940605279,-0.0034793814392547304
-0.020744534077847456,-0.0008275728798439783
-0.023016435807596904,-0.014380484083221477
-0.022894147335675994,0.040074425453976256
-0.016480888199319983,-0.006091687466162562
-0.017371888473620853,-0.009906951576009597
0.04742725885128478,-0.00847652099242647
-0.020361951759446172,0.012324760398966038
0.03215042949473608,-0.014871916540057102
-0.014109354480915218,-0.020260747830428107
-0.01980829262429588,0.006523257942880521
-0.020481268726736925,-0.014813494592058534
-0.022278471749247495,-0.017099276620885166
0.05394296121486246,-0.01319683222891539
0.01887618812454652,-0.0344021223383479
0.03234302994570081,0.02258697609161665
-0.016123592206672317,-0.005450117255993259
-0.02687360214239983,-0.01303414566840334
-0.02007967906863254,-0.02513850375644224
-0.017695058952579393,-0.009542631116860243
0.04712728600454027,-0.021425472163011085
-0.00951936742647104,0.03309223858578357
0.05231889078437616,0.0034184969693954004
0.056246971506838876,-0.026414001828183882
-0.014499678268652541,0.00870627114407815
0.03911075433648517,0.04135274799336542
-0.018682522740580725,0.000913492209588217
-0.012920424973016126,0.016104232598773752
0.03199839749836815,0.0015508435329957464
-0.013002607884775466,0.010819957607631278
0.036965605695832245,0.027054595925845044
-0.012645170676581493,0.04094286278427179
-0.02347328473233425,-0.016232897548848272
-0.020577727316847788,-0.02761233164586817
-0.017592069760555534,-0.01721741726748279
-0.009090623353866059,-0.009758317021425949
0.053970862803973695,-0.017909609898194352
0.056040580191890295,-0.036967688884518395
-0.019818337072019337,0.007493566710346652
-0.008673996130575196,0.010050770659834953
-0.02632982692590351,-0.009634737268626844
-0.03179876327654119,-0.03117435060341299
-0.010563548724391615,0.04225189180030589
-0.017560861312261346,-0.017202729392272145
-0.018151872785072316,-0.010815406089201826
0.02336341112467038,0.03618712072933598
-0.019857268025807537,0.0024075851772543157
0.0282416860006838,0.01121535036001894
0.030338182548860646,-0.016286247633507216
0.027548219060624077,0.013188461117440474
-0.01710886833206974,-0.0020968888498207813
-0.02227056491013182,0.01613928000287595
-0.0079255121219058,0.03443178313647835
-0.01651023182340058,0.009928428475103218
-0.02005689055464566,-0.017711711928250266
-0.021928321104025,0.01299654697209798
-0.010864918444220032,0.037385372342516085
0.026732677155579004,0.02786117760527541
-0.026975223015548694,-0.003996052916221015
0.040189394393107966,-0.043816001792365895
0.014684296674100455,-0.0024951770335772338
0.02100670051482985,-0.007069232867880944
-0.01653482853254571,-0.016177352304370674
-0.011291797373498336,-0.007120702497292958
0.023909156808230785,0.00794132407552441
-0.0225457117857202,-0.00909843393728598
0.04752380675462142,0.04183694421100039
-0.01714695440351919,-0.019232921402127064
0.047781231116487556,-0.02651211279089106
0.024752964761714652,-0.024842798895896873
-0.018939882269502294,-0.0058644294994109536
0.031970386587135975,0.015755889705152376
-0.016420289174749927,-0.013894860799404706
0.05028566865720089,-0.045075040752297194
-0.02089879230626146,-0.025289200658001696
-0.015303858071471983,-0.019914875901098097
-0.02217034150715084,-0.010917302236831303
-0.02074062083213307,-0.0023591284171629937
-0.015246448373307013,0.013960036244890194
0.028709597087609253,-0.0052385410350991
-0.003350758811538401,0.009341191903184824
-0.020408798572133444,-0.01973538675221305
-0.022834427979259032,-0.0246966982712072
0.032463562447156175,0.01403757966080719
0.04158415728986534,0.007318719237024585
-0.0261918250859215,-0.00029562188407013755
0.039040704822637426,0.03660513217885465
0.035977487124452236,0.06860613560168181
-0.018176788352895726,0.03764706558877679
0.02214782443186205,0.06597099344220196
-0.023872410274792286,-0.01117203656860936
0.02827401349740995,-0.009714115560836671
-0.011835774932166008,0.03534688987052305
-0.014134246792403939,-0.011064431549456983
-0.018951925194323666,-0.013270988713617609
-0.014084112634054792,0.04992857759734089
-0.025019111140969046,-0.02538050851258613
0.033203590482271096,0.03805420301540554
0.02650791416251732,-0.01496899531813625
-0.018749201126179414,-0.019949328784970816
0.019827627164401226,-0.0007326447536424093
0.028566645600138888,-0.023047847233748232
-0.022721355213509965,-0.015321714001906017
0.01472161091582853,-0.026212038417124328
-0.016951201072071258,0.042474168463705164
0.027698407919712256,0.013289042723819974
-0.013775105090737726,-0.0004943797108578789
0.03528200527930505,-0.01828622836635182
0.02579471452307774,0.010911524971016542
0.012008155480272086,-0.012061250190443445
0.05922328771528058,0.011182916202099035
0.02724706665294416,-0.009741160805939765
-0.011762425033925886,0.015406903244413036
-0.031046653813992343,0.005932604406102596
-0.021985499214545647,-0.029199545307813008
-0.027226921281577162,-0.00010997410701770298
0.036519970475136124,0.010719594245288958
-0.02434965866271285,-0.023924538604933612
0.027733993112266965,-0.032536950296377966
-0.022740696346322437,-0.02299670627847167
-0.021721262001274003,-0.01615350643154932
-0.009574272548330282,0.026885284819366185
-0.008780097011610035,0.037189473183956004
-0.01110125338105098,-0.009593143735070267
-0.02254804149226794,0.004309867287107996
-0.014635961103861223,0.05099621515351546
0.0629248603420969,0.005508920619282981
0.05661007604362872,0.022744095236767972
0.025228955177595894,0.022671040433521597
-0.018412152228436462,-0.014749253349791372
0.040460686717610446,0.0337201627797042
-0.02777397791326405,0.003410919217509558
-0.019957821926500523,0.03492374462141395
0.023511385605603976,-0.024344792889263292
0.028686752552845054,-0.018358195992913134
-0.023103999655654944,-0.0076183465979227675
-0.02805932785669199,-0.0035782914602003626
-0.014488428323123036,0.050368340412507484
0.04764903133744789,-0.029057304498047207
-0.015455546958163306,0.020104163867718267
0.03639299549867314,0.0448653605910899
-0.017623501260090345,-0.01316111437413947
-0.00975182447219731,0.05057121168796117
-0.017099633475371828,0.02864806419471567
-0.01935978780027853,-0.005542923834728784
-0.02001195969141116,-0.003942999431430848
0.02747712405006723,-0.01063672593251071
-0.013470762287165943,0.014088181365615156
-0.02281877781768511,-0.03031099386354814
-0.011186376791410905,0.040783794430458924
0.0341117739612771,0.0023392696646900974
0.025922177016164547,-0.0009186052862848895
-0.01859117820677127,0.004098701698982284
-0.02272724105128316,-0.004464210963137838
0.04639415016133234,-0.032356504976835766
-0.010330348309692356,0.014124766309195505
-0.02043303132877663,-0.011512657412338288
-0.024406630277526573,-0.01794050866479514
0.029339860138539176,-0.0018759140036041819
-0.019905976251413496,-0.01641627085251478
0.0518687641191831,-0.020011203999397726
-0.053680921725112324,-0.002944328654683529
-0.01919121640461788,-0.009900802783788479
0.02916605223064193,-0.012776113603587285
-0.013023175001057891,0.026584364830275355
-0.017200763191063156,-0.016751823583065744
-0.017012905643914313,0.043109717801592916
0.03136352138956074,-0.020915811756223833
-0.015941619911098787,0.002469447763168435
-0.015943091135741088,0.0027981197670977204
0.05552152809021176,0.0249508619438082
-0.013159109539459934,-0.012334313709036194
0.027956952569533483,-0.013416840582558261
0.036454450761237864,-0.027616740509625926
-0.01658828357684488,-0.019254356684931858
-0.012058946576903528,-0.004973649131889332
0.029040941062187003,-0.02019635396027517
-0.01589428610864585,-0.013287984338024738
-0.015409927032566894,-0.014270564057005388
-0.019629565136952586,-0.00104423424226018
-0.02357663540680374,-0.026206859757173764
-0.01233649180995221,-0.00823843884497839
-0.01750714334712845,-0.012686608842176258
-0.018080732820612056,0.0018616795097644789
-0.02094261561090698,-0.014848508832365078
0.028689760695579415,-0.016928404895024094
-0.019143370144831445,-0.01764005311440979
-0.014595511176541818,-0.01360050997348772
-0.020812073702570825,-0.015168283846924575
-0.011824817454138306,0.031322095677927424
-0.022382448175376983,-0.02021348823027736
-0.021486310884972878,-0.007205227095584124
-0.01507660501286147,0.017716892392459056
0.03766078754006054,-0.005380440138091368
0.032194790868330776,-0.014167512524585106
-0.02420986188111021,-0.003388733815279613
-0.012587787146413645,0.04326069219539299
-0.014132593963892057,-0.012248611442671115
-0.009422447721811132,0.042160420972062185
-0.017233866219569724,-0.02060665293873818
-0.015080645921415748,-0.01306662888300273
0.03099056715993105,0.019294388946902143
-0.01767559545720264,0.011798106484791997
-0.01482910617786478,-0.0018395281327827997
-0.01182698575843136,0.016352919738653503
0.023502219290448267,-0.03910701770893229
0.058865196019872355,0.010460593604592892
-0.018171358508252487,0.04755913630523001
-0.023733762383413536,-0.018914491005752578
-0.015425772778009123,-0.015938458189563715
0.038078661206100706,0.030742308720009732
-0.0197632768888497,0.0033855439056624183
0.03200365659383053,-0.010113258499356634
-0.015155065824188537,-0.00993023449033431
-0.020229380930548206,-0.011613254867463698
-0.027909549763705997,-0.023752317808149983
-0.02076965315404905,0.014348285477304146
0.03321499604096705,-0.009564796689394871
0.05877565174911657,0.022549751525313293
-0.021658520215938275,-0.018562639957223046
0.026995836860155168,0.04150138501624769
0.021613346641333117,0.01672390306674867
-0.008546283464957578,0.0012913804694908435
0.030033690529817123,0.004937366039828947
-0.022945800415930518,-0.0016269945514066065
0.047945973951802626,-0.0321953227599825
0.04220580484225995,-0.037054567874702085
-0.028380948148837903,-0.03027170490467309
-0.020358942303277637,-0.011514206705080295
0.018388327803607243,-0.015036469673373581
-0.013081214381015583,0.028582651858839243
0.055388272308171775,0.0009292018743541844
-0.02994267135424557,-0.004029897661270613
-0.02228304674826206,0.03650008552751342
-0.016014141776852838,-0.009682961591786743
0.06131329483436976,0.014995904677008492
-0.02200814995002132,-0.017644736968813364
0.019538205040750684,-0.002405377560462067
0.02760266428024861,0.06189674529783329
0.03376608179371873,0.006016982924746323
0.025956164600556258,-0.045063807800924706
-0.02038393511507337,0.06223740008911479
0.05170015199963857,0.005684733110281239
-0.024138627537796706,-0.007944920992305819
0.049064360781524936,-0.029185272462566903
-0.022624876446327817,-0.023665758376819165
0.05836161861807556,0.01499808004466306
-0.0225875591394311,-0.027673826002280355
0.025745868316294742,-0.01849046740781371
-0.007080028186299576,0.040762191851553047
0.047254516687984596,-0.007069228456101236
-0.023871330976210203,-0.009795440641840712
-0.01749697521947948,-0.01562864605088916
0.02962262082440872,0.012807290015472277
-0.01222469218268043,0.020219717912640777
-0.010846009223608023,-0.009787172898734469
-0.017320795636605726,0.0641618462082819
-0.011118053299534655,0.05738993616898613
-0.020330482497546223,0.03133501625475746
-0.018091831197828874,-0.019674047752508843
-0.021899743215570422,-0.025857808482642557
-0.01796313842651727,0.013610079684473005
0.0422583611185569,-0.04295775285731307
0.03197926433314454,0.021135056692788978
0.025909834750748744,-0.021638536761080133
0.022491989099447125,-0.0011896256640803744
-0.020948828613188916,-0.00937597523099428
0.019917078220549243,-0.03714213516919728
0.02316230855598558,-0.016527680708411388
0.025602768542039845,-0.009808418555506333
0.050581119664820394,0.005198450695605272
-0.01903837593977053,0.01761150098664936
0.03215880863708929,0.02242733452746466
0.03408207207262703,0.02647968483142556
-0.018700260099796303,0.02587821752801947
-0.01703696821168649,0.02924019149596959
-0.021353550227433415,-0.021817367401115485
0.029396061206313554,0.03643042435821282
-0.022563013622985854,-0.027570590067012797
0.06215731448699061,-0.002876430391716248
0.06717655401971079,-0.022286652290677528
-0.00569759103634357,-0.03192679430422317
0.03204232558764605,0.05945953504919116
0.02314253294136749,-0.020701812494595663
-0.017095734358543384,-0.01600570681254392
-0.018870763028870058,-0.003934335735846389
0.051482161931548504,0.010684834871724154
-0.01877073617061996,-0.025860373442280954
-0.028664578114083007,-0.017381812597121075
0.05217348192809492,0.020003226092086043
-0.022504129901718427,0.007852018549462193
0.04112615637284431,-0.0389436286795685
-0.024658304861647905,-0.030542346711667143
-0.018053504526879226,-0.023353017512692916
-0.019754381528057002,-0.027854542175155535
-0.016289311732819164,-0.02081492254890495
-0.01647645270585043,-0.009528590563975349
-0.020952370259039815,-0.019799714195363638
-0.039189239601208715,-0.013787878320824476
0.03253163218673015,-0.0408218601912837
-0.015195622392271875,-0.007025161910843429
-0.01069203288936102,0.0373162941392951
0.057322036274720774,0.008375061541724627
-0.017939210327830264,-0.01657970832911084
-0.01555872852627573,0.022202243580430967
0.05133539520891285,-0.026073990959059885
0.019617039455049067,-0.01009872249886314
-0.023623158219937577,-0.023988015117249333
0.05824496345506005,-0.022328481424996025
-0.017732208508480368,-0.024971105740021267
-0.01618613485198664,0.05166669684411981
0.019138743812620065,-0.013410742721402033
-0.02164903511733171,-0.019269576806681208
-0.023483776118756735,-0.013281130570213092
-0.022478820198666385,-0.01350397308698621
0.017254121987176668,-0.004507579864713983
0.022395194027579293,-0.00651584111636602
-0.015555136903353877,0.03814308487531675
-0.018639621987194,0.001229932466058811
-0.017592288273648737,-0.00830429626782007
-0.013392266134813724,-0.009226977707504094
-0.016698847770525355,-0.01464372744175828
-0.013824014297446176,-0.009054344043064178
-0.016527412903565075,-0.01257195794325467
0.027240860361990877,-0.012101477910528057
0.016173684715716456,-0.02297570990171462
0.023472128037204557,-0.019702949018110472
-0.017536785394747408,-0.013862924280421325
-0.017824299662773574,-0.018373295541830443
-0.02456208935135421,-0.042554885667846695
0.021168813023467885,-0.011106047154022327
-0.021388413047256787,-0.014920563715941023
-0.01439836488055141,-0.007362983323914543
0.03516146092326366,0.021479181991323575
-0.019900161820637512,0.0022362501256997145
0.06158622762862883,0.020325360718310297
-0.018340822464051637,-0.0038136031865824093
-0.015048484801013734,-0.000858078237511223
0.03124858901046883,-0.012280845586638015
-0.012500758214567653,-0.010006452666530618
-0.03310235844731521,-0.02320411915838671
0.031081406834952873,0.016233344963169475
0.0021317982131781,0.044380928520117754
-0.02214225583989964,-0.021041110774200126
0.05627700608968941,-0.02374963706500523
-0.01810125925802492,0.01885339847510996
-0.024773187401733975,-0.03637743944918099
-0.01111510620159686,0.03804778140567835
-0.013711838503651212,-0.0055699853173801165
0.04144038792100829,-0.004067556486881638
-0.020506696227255018,-0.025307826412149195
-0.011607844616991051,0.042947488967625375
0.033108854547669285,0.03106621846689706
0.018850255217595462,0.011486424822453833
-0.03827344098172393,-0.007238158050858627
0.02413595579931552,-0.021453308020215063
0.034008864114534354,-0.0023888805954420675
-0.011372587417095565,0.023023307960527248
-0.02441374075991335,-0.01429537941905904
-0.021609795102261124,-0.021073536891231794
-0.026208526814793544,-0.009865852826150451
-0.017977852483266017,0.007761229654991415
-0.017218526997978306,-0.0088675841770935
-0.0171041702440657,-0.0006156254082400808
-0.012498741378272154,0.036235883900300074
-0.007799270608365606,0.007963398456650686
-0.01940297775195638,-0.027890602647505158
0.05786509639204092,-0.025984921682186114
0.03526262571696102,0.0006986232437642962
-0.014135069198461052,-0.003993079379440662
0.04327137647347049,0.02361717098357489
-0.016071514188668937,0.012942218498783055
-0.018700656551978334,-0.022394059667637158
-0.020887855112336894,-0.024098595823767898
0.04624238185199475,0.01895517690795102
0.051308057585518076,-0.029745194794246893
-0.02167403998749491,-0.029121966676253948
-0.0031419248787272823,0.016544472203757647
-0.018836245150013777,-0.01850234271953841
-0.004626347004033639,-0.011209761075924871
0.05247826743733613,0.016157925299088143
0.057625007767012466,-0.043244175040186655
0.027478532654889656,-0.003297657741064543
-0.020317220618354667,-0.015808879179902178
0.05324947237544531,0.019411212700055077
-0.026492905565483525,-0.024615419336906013
-0.022677317952421498,0.012032673455763008
-0.015652796698123226,0.0028542655501645887
-0.010606837500140678,0.005705494327904533
-0.017843435107622374,-0.01464092991426148
-0.016820259781117494,-0.010847010630745276
-0.016937761814902984,-0.020683935957306294
-0.01949879680637713,0.0005410755931631841
-0.0018680064110395086,0.05718510700553583
0.036208116166498154,0.03215380268660034
-0.01734706175756892,-0.016370133248542598
-0.0202664218167076,-0.027630751352163165
-0.01653963281863981,-0.02095236639396553
0.026837163880215977,0.03707829157230629
0.05888666746314778,-0.036290205816387
-0.008363433316055208,0.028661622655674922
0.028440359052725378,-0.013251563475485593
0.026113585083386893,0.0547267174923544
-0.02569128609474796,-0.01927016113130227
-0.015894143100821774,0.0274075421183364
-0.029382118070182532,-0.005632520078605905
-0.012150317230145773,0.03395884803692485
0.043168339641749105,-0.046625813550474106
-0.020444898343415074,-0.007404218230010793
-0.013898617940962497,0.019480303450338993
0.031812083001759334,-0.007774143937113064
-0.014707488588951788,0.01941033939682466
-0.012595025153886445,0.0460573496946765
0.05458265282543498,0.023270208417808063
-0.014716673673644634,0.030686212962255516
0.03225997817764434,-0.012147335058058546
0.02154321178613917,-0.03268851699170975
0.019402973162038678,-0.03451850287734724
-0.017000696128063948,0.01945389422514177
-0.01692614144112307,0.0398668950401696
0.06399025166745258,0.036868374273339076
-0.01577281670774171,-0.011412504831376718
-0.013438812972422928,0.03893354971831571
-0.01705895617793651,-0.016605308983405773
-0.01578327884699539,-0.01802891693458948
-0.02082797233634244,-0.021610319461607727
-0.014635315133384187,-0.001986477868143289
-0.02014109975833188,-0.015882740813526863
0.029594970594316945,0.03245451786832574
0.028876598483985272,-0.01133261587230002
-0.014420485122945572,-0.016634907997051772
-0.025786394218972865,-0.023746612734073646
0.06446084630242621,0.004594766451187477
0.044523269198742645,0.03271199152282032
-0.01370751192092947,0.018886977368957693
-0.015239630090743599,0.028698615049719003
0.013330551126943072,-0.026731890022198057
-0.016798066823661067,-0.0060530022304449895
-0.011402654706376632,0.008373381327942908
-0.011163263907448328,-0.002318846032828175
-0.025411252330434484,-0.008219047910467495
-0.023529595857110154,-0.004799588816624642
-0.012861641000042421,0.035934557318406175
-0.02480969186758158,-0.02294563943882006
-0.018343644273278385,0.025104920910715707
-0.009827220401997981,0.051326286299921905
-0.012270518599690736,0.010926724382973945
-0.030580277513809002,-0.0002746683453620851
-0.019566494741645703,-0.02063418676953964
0.016638939566796497,-0.018665352363385596
-0.03675459710298184,0.00018962837483956562
-0.019111110723274434,-0.017791394450725778
0.03184088653837992,-0.01400484254378511
-0.02539355446039317,0.01825464022384026
-0.019740044323253027,-0.027010908680436034
-0.01973856017512769,-0.021449252095086274
-0.018160669198642242,-0.0008247301100345612
0.03907203627988226,0.005350588319699948
-0.018908970565023404,-0.019357074126664445
-0.01837678063012216,-0.019043194574208302
0.04925232540121796,-0.003922768321917635
0.01789985673391931,0.014842457434276219
0.06004618902128675,0.017239081461333825
-0.020070012717426897,-0.01217567884855755
0.01991137648220922,-0.02712647796074731
-0.01932083722439774,-0.009401789530219914
-0.014934923269266454,0.0309844435562953
-0.014124876916333896,-0.0088870403905085
-0.01893147497217189,0.016591936664868752
-0.010376411927282557,-0.004615225542235722
-0.02524357815056169,-0.024755693094932398
-0.023104225651192946,0.04122163763663411
-0.01140837480377446,0.03319981753541961
-0.020529091559638744,-0.02349003417752368
-0.02076900002765297,-0.010570519102032208
-0.01446705546223733,-0.016818124870868936
0.0266544354302272,-0.010600414790838482
-0.015958091738492428,-0.006679648353470918
0.018395117417970987,-0.003183983664918353
0.009651786273565707,-0.03576196351669473
-0.025244215368173787,-0.001101023358590055
0.058354516816847384,-0.014913414021553542
-0.014125486496360851,-0.01480174962109681
-0.023537150456205996,-0.0272052040332088
0.021127387834697524,0.009235590837271665
0.038785059197876254,-0.027934119574405093
0.03167615325697062,-0.008155616639434178
0.022305233100759034,-0.006098011699837243
-0.0197343008978012,-0.007269675236213724
-0.017967431324263414,0.034934212436718286
-0.024902339759634257,-0.005672542875533201
-0.015864987995669006,-0.010713106102016584
-0.023568457150234107,0.0026423468442847613
-0.017794493289147832,-0.008030900562317058
-0.023108709801011554,-0.019113095746147585
-0.013825772411439985,-0.013827023043133654
-0.017398641277945985,-0.012033804275142626
-0.009368200308872001,0.023303700282545484
-0.017581288088954528,0.024723134314183312
0.03173725340946772,-0.0030684372613706597
-0.011710493923121394,0.008337406511609918
-0.015605944729407017,0.029828308379553393
0.024383173531579126,-0.024279263604131473
0.028612672861078072,-0.015172456579898824
0.0492399509352338,-0.03194709289079035
-0.013295158689029755,0.021439885600095996
0.025996843713362777,-0.008020379463811638
-0.021329383979588508,0.016520503485144812
-0.01671527998787765,-0.009007790203488025
-0.0121837832629545,0.03160747083094964
-0.01870864125091819,-0.0006601768443335527
-0.014645552777422455,0.0136213643208857
-0.011425955721434101,0.04174319606524067
-0.01891991083308114,-0.01436976144590832
0.022767104786669275,-0.013080346378780031
0.021183140759683777,-0.030893861670760768
0.052604912986408105,-0.014990057741645664
0.037011528235614696,0.004797433342084171
0.04517181281388015,-0.009843439576463898
-0.01475261160022675,0.018550764733368464
-0.014986476184106017,-0.017165017750209854
0.033217199569814074,0.012791392077515116
-0.025427673721308015,-0.022369762729627277
-0.019005060547339893,-0.025748429876388194
-0.03770491076965311,0.013077971533959613
0.015674805696111124,-0.002887292102566095
-0.01695378435350811,0.011928866526732404
-0.011295388525935892,0.030376231873108138
-0.017689394806452853,0.02645395254500364
-0.013716353080466915,-0.0003404874411244227
0.029441153475559152,0.04346321425022238
-0.021933343443870174,0.0069574405221669855
-0.03174350307842069,-0.0011627329086273616
-0.020897364946298437,0.006172915209057271
-0.0055992729312281195,0.004972235661340721
-0.01567237176501011,0.011525843591067871
0.009304456238627341,-0.027846893840178705
0.03521829323970202,0.03283754414315862
-0.021674937539758347,0.03802290752965275
0.010650699567604588,0.0061599463898813185
-0.021145560758624254,-0.01709346578375123
0.058746022170435445,0.0015816283180532709
0.04141864097145823,0.04047452909317883
-0.02424804865046715,0.037347708322681486
-0.0158616414357541,-0.008457997001915818
0.055012316886326955,0.017663677901957192
-0.013916668020927206,-0.014243457374340743
-0.020031481170505464,-0.01696859593605938
-0.0203876892783129,-0.02143615190781202
0.030767567828552476,-0.025248957223814986
-0.02566061363228591,-0.03400005992176138
-0.0168378303971741,-0.007343900548206918
-0.014925354636377071,0.0403753170105612
-0.026758303415069667,-0.0011231731430624966
0.021703442667755833,0.023606497381967104
-0.025308645783339637,-0.020186453904270568
0.025020972578656018,-0.018446972152831517
-0.010001357634056149,0.0309007449978512
0.035441864739476935,-0.06101188682158361
-0.017442930334771855,0.034193770087563864
-0.015070170054642727,-0.008587075646760232
0.02083085610254172,-0.010425277136650623
-0.01856921772573634,-0.02827262993052669
-0.018983694632738725,-0.025874879314726453
0.023205481005155043,0.0011414061935363067
-0.012762758253332087,-0.004777434790451356
-0.021665929747438778,-0.028021276220580888
0.034106254160616904,0.009825341412045413
-0.014610182768907201,0.0243786501544807
-0.006612780868255015,0.011384698930331134
-0.01469684867133923,-0.009653657550870456
0.03211081951648515,-0.007497019338032628
0.02502178954400066,0.03343771290932864
-0.012624699982203261,0.029298123331077956
0.03343562065351882,0.03443990214301063
-0.018142260410372393,-0.01826507820751384
-0.0030581301953515423,0.041369350887769704
0.025948635486752938,-0.004536696731764805
-0.02324174609236372,-0.0261810180888401
-0.016109099550843137,0.0023712485260407932
-0.020557686145709186,-0.013875510287231796
-0.02618034231147525,-0.016064210454997584
0.02957272454359974,0.00903235128627681
0.026628676821034078,0.05669710956783973
0.02182391290849743,-0.025851009242982777
0.05374253701668092,-0.026213964530188264
-0.021376574264112307,-0.023018341274930316
-0.02328236130113802,0.042114981080931875
0.035248483094195655,-0.016274205421606947
-0.010757746264046615,0.0038722436318013387
