-0.062272770063540255,-0.038324042924838646
0.10180936630132086,-0.039730740981429744
-0.020648766557582365,0.015846354091053748
-0.06227277006354024,-0.03832404292483797
0.027993060221090535,-0.0013267388788337049
-0.06227277006354024,-0.03832404292483797
-0.06227277006354024,-0.03832404292483797
-0.0015026216333009319,0.023250178263633382
-0.032883154582489804,-0.01727384446983274
-0.06227277006354024,-0.03832404292483797
-0.003650113999278583,0.01248867009266918
-0.010989902732596299,0.014009132988752023
-0.03201724056157538,-0.01726516258181726
0.06358572742762571,-0.018680924354042387
0.07843331380007652,-0.03678987978175516
0.037321187649351176,0.017943819382323898
0.01779604628220817,0.03125385320882859
0.007271257632678661,0.06107261341691034
-0.0019013885305309468,0.027071034653742138
0.039908140981220655,0.018835913014619805
-0.04939003747490485,-0.0030145631679359855
-0.020484887507533262,-0.001901309377377312
0.00025351798319727217,0.025791470012899234
0.03277212083470947,0.011450487344687713
0.026908646344835543,0.06022153371171659
-0.015117763426204333,0.019321523963272955
-0.010724149400301222,0.012386625476170351
0.07149230907228765,-0.017141887782108126
-0.0014421631712633262,0.015661535476297693
-0.028920052562737057,0.0400184899037267
-0.062272770063540796,-0.038324042924838736
-0.03201724056157541,-0.01726516258181731
0.03361280860770217,-0.00863254403548557
0.003981817000493477,-0.01782165496040493
-0.036766701332124674,-0.013668400190963404
-0.04520551244545823,0.0005953709232862953
-0.062272770063540796,-0.038324042924838736
-0.02875307612709929,-0.015277005920794678
0.06380256357162542,-0.018027286938479714
0.015528259668063775,0.06134090941512875
0.06208446442980878,-0.01813439923832149
0.013057354558470192,0.0716730151792683
0.10788668182959653,-0.0333533913522658
0.06760781612354655,-0.019289956148952906
-0.0135256617617526,0.008997223298510977
-0.062272770063540796,-0.038324042924838736
-0.04880446473969604,-0.0023800243834103873
0.0954132063438356,-0.04862033035577067
-0.03997466918522093,0.012558444906562305
0.0803549296067804,-0.026504523559425473
-0.032017240561575414,-0.01726516258181731
0.07162201715018297,-0.02173338704755302
-0.013848654428856655,0.060831962659351355
0.11006938374516166,-0.04770885132422187
0.013716898202534923,0.047927904167830535
-0.032017240561575414,-0.01726516258181731
-0.062272770063540796,-0.038324042924838736
-0.04312250405351922,0.015151699024619008
0.01589248185669087,0.005061584925836855
-0.022093986880627418,-0.0030553131260962906
-0.062272770063540796,-0.038324042924838736
-0.009321009416939478,0.010025773518107295
-0.03288315458248975,-0.01727384446983265
-0.03796485599898625,0.013051081066781382
0.06376197653445234,-0.02073121424244096
0.012637599588355714,0.06125836622553566
-0.062272770063540796,-0.038324042924838736
0.010504793191148444,0.04060725793116314
-0.032017240561575414,-0.01726516258181731
-0.038139670446076905,0.02936501075534943
-0.046210039179484276,0.007180666561381318
0.025253848045015067,0.042413098995432684
-0.010724149400301222,0.012386625476170353
0.05129685843773973,0.0017940194547668594
0.0037186731032638454,0.06167517819487743
0.04349144620822859,0.015407388126672437
-0.062272770063540796,-0.038324042924838736
-0.062272770063540796,-0.038324042924838736
0.030147996879600802,0.0675033116420754
0.04823025964585686,-0.035554594027325984
-0.02875307612709929,-0.015277005920794678
-0.02875307612709929,-0.015277005920794678
0.002965381635947026,-0.00722010992522539
0.008173560466375608,0.07063604858750265
-0.02954525849534193,-0.0074842787896645495
-0.03271836277108163,-0.02020789743103358
-0.062272770063540796,-0.038324042924838736
0.019033438058964642,0.052526677983671936
0.012131095421641628,0.06049129123489151
0.010024417866551444,0.0706501582414751
-0.05113033536886786,0.0052071512708763866
0.06358572742762571,-0.018680924354042346
0.01153163686004656,0.0027627005137427336
-0.0007961396249171589,0.05728770349364034
-0.032017240561575414,-0.01726516258181731
0.03602635449732211,-0.014447365811138894
0.08786557514046497,-0.03592575379959832
0.05902960851345548,-0.016542811203595312
-0.04751639764830153,-0.00386966898085496
-0.0013212999539447376,0.01098125572053836
-0.0026002837604293433,0.013561182750543334
0.05529573941906031,-0.0241706452028562
0.09209430874239347,-0.04328549935807298
-0.011718123363999078,0.004931524529963691
0.060558083680349775,-0.0173146649670925
0.008972361466712517,-0.026057837943977216
-0.062272770063540775,-0.03832404292483875
0.10788668182959667,-0.03335339135226557
0.030812008316299586,0.030105317678439818
0.06561900220116777,-0.022072041944776244
-0.048272162045899555,-0.0018053714235328803
-0.00031880283551660764,-0.019466947509368768
-0.020752473602464773,0.0569988219274288
-0.039974669185221086,0.012558444906562124
0.10402107755603404,-0.042268187956665725
-0.032017240561575386,-0.017265162581817286
-0.032017240561575386,-0.017265162581817286
0.026340260557278714,0.051008120432398434
-0.007317159662705667,0.01108429427753968
0.07593246463791933,-0.017331756357407836
-0.0324968099362479,-0.017359942060198058
-0.02094435611896276,0.015792774361598996
-0.03801155429012132,0.013106753920983424
-0.062272770063540775,-0.03832404292483875
-0.01964232478005824,-0.009595995385416646
-0.062272770063540775,-0.03832404292483875
-0.04880446473969604,-0.0023800243834103873
-0.0328220966726883,-0.0170865584711519
0.11149486990816045,-0.025885008375163134
-0.062272770063540775,-0.03832404292483875
-0.02875307612709929,-0.015277005920794678
0.010222428901602517,0.0002404652525638512
0.01000099251936142,0.06506639864956043
-0.024228964254852124,0.038491189783588224
-0.015262003634666413,-0.00560989831168502
0.011912188464624834,0.06801027566444112
-0.02018362438905536,0.06380290688633465
0.07721286894708977,-0.028417182274573627
0.002948483855426436,0.05798261495687513
0.11154484919620601,-0.027958800088496622
-0.02300328620715264,-0.008474318443562065
-0.06227277006354076,-0.03832404292483872
-0.04751639764830151,-0.003869668980854882
-0.04085987862172451,0.003420138383171383
0.07776895637146482,-0.02694991681719689
-0.04717784375896215,-0.004381428378345495
-0.024923869092011837,0.02289060134249083
-0.03201724056157528,-0.017265162581817158
-0.06227277006354076,-0.03832404292483872
-0.039974669185221086,0.012558444906562124
-0.06227277006354076,-0.03832404292483872
0.013979641990959567,0.005145347304122099
-0.06227277006354076,-0.03832404292483872
-0.015182143261237624,-0.024876413236610353
-0.04880446473969604,-0.0023800243834103873
-0.0036350170661691365,0.020335700523408894
-0.03201724056157528,-0.017265162581817158
-0.032496809936247914,-0.01735994206019814
0.043491446208228576,0.01540738812667246
-0.0036501139992785453,0.012488670092669196
-0.06227277006354076,-0.03832404292483872
0.02799306022109063,-0.0013267388788335656
0.017022103566276304,0.0019541705938727403
-0.017399242037098972,-0.002602760447126518
-0.02892005256279769,0.04001848990363846
-0.06227277006354076,-0.03832404292483872
0.022092959695652958,0.045514661827383535
-0.022971898206341608,-0.0021161571880386684
0.04414552403373336,0.012092213711417516
0.060558083680349775,-0.01731466496709254
0.04594096325810745,-0.03021342081423612
0.05598061032193628,0.0018290715918674488
-0.03253391007456524,-0.00535884953291252
0.06181421028750946,0.02032444889155054
0.06358572742762575,-0.018680924354042273
0.04948785268711004,0.021601816449997376
0.10788668182959663,-0.033353391352265685
-0.06227277006354076,-0.03832404292483872
-0.06227277006354076,-0.03832404292483872
-0.02189488901159622,0.003081808856860975
-0.028753076127099285,-0.015277005920794664
-0.008090470050244127,0.02554592017672579
-0.015953549095214774,0.012395317639770344
-0.03201724056157528,-0.017265162581817158
0.041420527284038416,0.024133220896623963
0.09136981339738322,-0.041014138903100315
-0.04015204973317721,-0.02127442652083004
0.047494173646546865,-0.01587005376497092
0.066249591005825,-0.00884639109306047
0.06465573382978948,-0.0040352158192711015
-0.06227277006354076,-0.03832404292483872
-0.06227277006354076,-0.03832404292483872
0.010171799065962517,0.019375604032602654
0.07172567586496023,-0.02049015911623313
-0.04259130168435597,0.009186048759063174
0.049632373027362085,0.04716999834999156
0.10180936630131883,-0.03973074098143266
-0.06227277006354076,-0.03832404292483872
-0.06227277006354076,-0.03832404292483872
-0.04880446473969273,-0.0023800243834044043
-0.023783064851803783,0.03438015704230462
0.019560533423348434,-0.0018613786989628437
-0.026219035511497076,0.014453270223394479
7.14540698378623e-05,0.035821543507016454
0.003956918659251774,0.07275896336630737
0.013057354558472704,0.07167301517927102
0.05251932784748277,-0.0007025568444073168
0.04925373805279509,-0.026262414731005233
-0.024876389336883804,-0.004091720346387262
0.09453817565665378,-0.04748925399834468
-0.013530596146886998,0.01471917915717074
-0.06227277006354076,-0.03832404292483872
-0.06227277006354076,-0.03832404292483872
-0.06227277006354076,-0.03832404292483872
0.10326096197271094,-0.04321273257841331
-0.001760023123203303,0.03576927764578847
0.0441434387692728,0.013484515151800016
-0.06227277006354076,-0.03832404292483872
-0.03201724056157528,-0.017265162581817158
0.05544224386468772,0.0013411791504399889
0.09359141344906932,-0.016180653837471685
-0.028753076127099285,-0.015277005920794664
-0.011164418444080058,0.00906256336227161
0.042340570280869946,0.027469132445427345
-0.03201724056157528,-0.017265162581817158
-0.010989902732598714,0.014009132988745137
-0.0022531355488119857,0.054508076384802526
-0.01950643375091976,0.0007234567036795483
0.06470344209462768,-0.020842864709712583
0.014200620318949942,0.03318485532130122
0.010167111968701126,-0.025161157020484923
0.06128322374499804,-0.017592207276235203
0.05915625728412198,0.004614094736146748
-0.06227277006354076,-0.03832404292483872
-0.03249680993624803,-0.017359942060198145
0.007783279133810725,0.040347258458806295
-0.03201724056157528,-0.017265162581817158
-0.0430114473117231,0.0034556435141466367
-0.04880446473969273,-0.0023800243834044043
0.012163307236952938,0.06993199120982405
0.10894535242358529,-0.05353448869510962
-0.010923008256352233,0.0140359747555066
0.0015001817878307698,0.03196643432173649
0.11606090902788638,-0.041734972521625835
-0.05272637385002313,0.004018204646949509
-0.06227277006354105,-0.03832404292483907
-0.010252971147622206,0.02609205385977906
-0.00026932671447887056,-0.004565454106269486
0.11136447427778873,-0.05571467198362561
-0.032822096672688976,-0.017086558471152934
-0.02688714143283642,-0.010095899504098518
-0.06227277006354105,-0.03832404292483907
-0.028753076127099285,-0.015277005920794664
0.05400137505160542,0.0020208970523114835
-0.017722549967668817,0.06846233898582402
0.008936923536412072,0.03639900484090066
0.015008923553667905,0.06264870720544162
-0.06227277006354105,-0.03832404292483907
-0.038139670446076905,0.02936501075534943
0.06357654398861856,-0.018593803209155255
0.014243983633669782,0.03417764736362531
-0.02653615463586554,-0.0067445299031956805
8.717194139128944e-07,-0.007073865678885322
-0.041376230826348843,-0.02235572204424798
-0.014701255636038007,0.07240889777620874
-0.016708804964960744,0.04212051418024955
0.10389123361507785,-0.045262274715241954
-0.0036501139992785483,0.012488670092669215
-0.01702195378101973,0.008178627054410912
0.04311051046475051,0.013872756694194896
0.09269828994172907,-0.01809263949334794
-0.019642324780058285,-0.009595995385416707
0.0935340929671645,-0.01922847121613898
0.017162187957307513,0.0006636153788238342
0.025133864034171678,0.030959969427428985
0.11606090902788647,-0.04173497252162596
0.056772160774126675,0.0036227432397818054
-0.0206113569303286,0.007847113392135485
-0.020877136449302638,0.005535210339779472
-0.06227277006354105,-0.03832404292483907
0.1108776079647816,-0.04360998389519782
0.060691888193715,0.048431628096627856
0.05529573941906009,-0.024170645202856427
0.010356932474565799,0.043751897262749063
0.05902960851345568,-0.01654281120359492
0.024549604105992218,0.03082536444979122
0.011475060456153662,0.06957641662873845
0.054955170436499494,0.0006538803878187604
-0.04939003747490335,-0.0030145631679326513
0.038825109485537516,0.045280679844763506
0.018445105608167794,0.07070580796505266
-0.03201724056157528,-0.017265162581817158
-0.0272103352474552,0.005320414391375103
0.0844026067765069,-0.016216758937634863
-0.03249680993624803,-0.017359942060198145
0.03484471713884108,0.010650282581665085
-0.03201724056157528,-0.017265162581817158
-0.03249680993624741,-0.0173599420601974
-0.06227277006354101,-0.03832404292483905
-0.02681314544358545,0.0009068453976742889
0.04212803005088134,0.025984894776653077
0.06972543291756758,0.0062977449433080646
0.05447907456684749,0.015925386840167075
-0.02741568741197433,-0.0038875077379323126
0.034419822877059345,-0.023508054360121468
-0.06227277006354101,-0.03832404292483905
0.10389123361508866,-0.045262274715224156
0.03042009808146738,0.005343186047139635
-0.03173248568618908,-0.004002934458514676
-0.0017721704908662294,0.00842553876884732
-0.06227277006354101,-0.03832404292483905
0.08529319269566536,-0.026474144534859873
-0.028753076127099285,-0.015277005920794664
-0.028753076127099285,-0.015277005920794664
0.06849510200290647,-0.009720883231094903
-0.06227277006354101,-0.03832404292483905
0.038825109485537516,0.045280679844763506
-0.033948758684016214,-0.010109486048814507
0.02781385262205089,0.058362711012976104
-0.06227277006354101,-0.03832404292483905
0.0624978555199601,0.019862455575547226
-0.008713626759706774,-0.010827949712469953
-0.03946693534547074,0.015793391556378225
-0.02875307612709929,-0.015277005920794675
0.05679246258223213,0.00207182944817243
-0.01950643375091976,0.0007234567036795483
-0.02945744324835065,-0.016486375210201975
-0.06227277006354101,-0.03832404292483905
-0.06227277006354101,-0.03832404292483905
-0.03196981959188168,-0.01901973549608022
0.060558083680349505,-0.017314664967092896
-0.010995247914288386,-0.002539762200121018
0.07334833578824203,-0.010164228814623866
0.06033926887570561,-0.019910401609959463
0.06740451035937611,0.015666441102412818
-0.024847523363042353,7.587602708031195e-05
0.06386134613165008,-0.01783139233739865
0.06717779855179049,-0.01942566968626736
-0.02875307612709929,-0.015277005920794675
-0.02875307612709929,-0.015277005920794675
0.07191434792451122,-0.02081401100727094
-0.039974669185221516,0.01255844490656128
-0.032017240561575275,-0.01726516258181715
-0.02875307612709929,-0.015277005920794675
-0.012443245845660235,0.011610768709399857
0.004976230711882107,0.04578810178731979
0.11583677338250299,-0.04171321751205819
-0.03249680993624738,-0.017359942060197375
0.02540544916024878,0.015218671977065222
0.006895839547606881,0.06693022653289907
-0.06227277006354101,-0.03832404292483905
-0.024879809309540007,0.02077327363283127
-0.032017240561575275,-0.01726516258181715
0.10297839883954381,-0.016365474970139262
-0.04439586257960105,0.00984567141380471
-0.03646891661204578,-0.008385879745731241
0.06599026579321321,-0.008803788725631412
-0.06227277006354101,-0.03832404292483905
0.05902960851345537,-0.016542811203595378
-0.032017240561575275,-0.01726516258181715
0.003981817000493499,-0.01782165496040491
0.08529319269566536,-0.026474144534859873
-0.01619355015741614,-0.0046950172696028
0.02507823975519709,1.973265882720693e-05
-0.06227277006354101,-0.03832404292483905
-0.008556356742994941,-0.006136052582967162
-0.022045468914399284,-0.0005672683655257876
0.07277533254755775,-0.025344183883349993
-0.02757605284662217,-0.006842532358857908
-0.03997466918522154,0.012558444906561267
-0.034236897035140344,-0.016663863789213303
-0.03196981959188168,-0.01901973549608022
0.06849510200290643,-0.009720883231094945
-0.02875307612709929,-0.015277005920794675
-0.02547501612999032,-0.007023591549379547
-0.027879938697241292,-0.006724549944536641
0.006310918504025359,0.05389134254036528
-0.004804404242440102,0.018827438359589607
0.027502706211215512,0.019004248620310537
0.0945852930446837,-0.047673531912544115
-0.038801408424339136,0.016444359346789224
-0.02814882869657306,-0.014623962077868948
0.015793133020754017,0.06656074660212567
0.024494371391209697,0.03059276097098225
-0.04880446473969273,-0.0023800243834044043
-0.016926313299121126,-0.0034673094456774086
-0.03644212115331466,0.018397021926208488
-0.017303633501908538,0.0409901552362954
0.07613046096764456,-0.0171054504846911
-0.03997466918522164,0.012558444906561068
0.01432761262625125,-0.011148026953691185
-0.02892005256279769,0.04001848990363846
0.022342506050957757,0.017890582116931848
-0.03997466918522164,0.012558444906561068
-0.0012107344826377566,0.03286689098179487
0.0030621023200919444,0.04046651393606446
-0.032017240561575386,-0.017265162581817334
-0.06227277006354101,-0.03832404292483905
0.005536884726419723,0.05937756110128053
-0.032017240561575386,-0.017265162581817334
-0.03365610741300239,0.015405734281646292
-0.00569105077483869,0.02720376862511965
-0.03255662743076441,0.021314531739388378
0.0634451258124967,0.00016851022364424193
-0.042653030926116345,-0.023644804237822822
-0.008781791054597397,0.01618896786205717
-0.0348283644610648,-0.01118387753381401
2.1935643943428034e-06,0.030903039068875725
0.10855021298694817,-0.043457576317377525
-0.02875307612709929,-0.015277005920794675
-0.02491896234778227,0.044908687692825376
-0.03345385241348029,-0.017903517302326876
-0.049390037474903344,-0.003014563167932656
0.10509808846287405,-0.046679824972077955
-0.062272770063541066,-0.03832404292483912
-0.04160777886318716,0.012111400492711689
-0.006692324663145154,0.031138179723094267
0.09353409296716403,-0.0192284712161397
-0.062272770063541066,-0.03832404292483912
0.0019006964209465121,0.024247834203378258
-0.062272770063541066,-0.03832404292483912
-0.046137885045507705,0.004070477652787147
-0.03271836277108219,-0.02020789743103179
-0.03997466918522151,0.01255844490656126
-0.03282209667268902,-0.01708655847115304
-0.032017240561575386,-0.017265162581817334
-0.05426915521720378,0.0038401245003132456
-0.03401651319375721,-0.01907302639499827
-0.00039365986091018367,0.03908504509509355
-0.030099545178766413,-0.012946783887832118
0.007207513820824028,0.06077741433722063
0.05400137505160546,0.002020897052311506
-0.013591025134870576,0.010912107517323365
-0.062272770063541066,-0.03832404292483912
0.09339740215168808,-0.017169126032532855
0.008221109830308763,0.04418099830963243
-0.062272770063541066,-0.03832404292483912
0.08966034998755876,-0.013183079838474283
0.06781740777942281,0.016039938687734276
-0.03282209667268902,-0.01708655847115304
0.03344582656343372,0.05655582282474114
-0.032496809936247116,-0.017359942060197038
-0.0006221099895922562,0.033138273891356144
0.03236617881932464,-0.010203060546115486
0.028996040999561136,0.029468585388002993
-0.036468916612045765,-0.008385879745731222
0.021793119716548404,0.05516764571295219
0.011791900069345114,0.05942341384441805
-0.04294550273452473,0.0014705755070869512
0.00165719349956746,0.01627847926013661
0.012131773181621824,0.06043640053584715
-0.06227277006354105,-0.038324042924839104
-1.9057015891987008e-06,0.019410841742739448
-0.033140765221579965,-0.007007082172127893
0.11162901511600481,-0.0670643564605342
0.0686921959139076,-0.01640804196399445
-0.011718123363998953,0.0049315245299638225
0.09362583429173181,-0.019380616091642044
0.021259282457021703,0.05068828347403748
0.015975563282886594,0.06235715826868101
-0.0320172405615754,-0.01726516258181735
-0.011718123363998953,0.0049315245299638225
0.051177213049193516,0.015121478587882351
-0.06227277006354105,-0.038324042924839104
-0.020365280318577216,0.01155777970646586
0.10389123361509013,-0.045262274715221464
0.003981817000493642,-0.017821654960404706
-0.024974426830184224,-0.004528899850502409
0.08014972101502843,-0.026803761114303822
0.01196733960854553,0.013538907222749835
0.013326757224484308,0.04262311029199099
0.05834315529260061,-0.01632251355868455
-0.0320172405615754,-0.01726516258181735
-0.0320172405615754,-0.01726516258181735
-0.0320172405615754,-0.01726516258181735
0.06429935625409361,-0.017942989025505778
0.013347631994636695,0.043462084606225186
-0.06227277006354105,-0.038324042924839104
0.10180936630132267,-0.03973074098142658
0.02074300363475417,0.05301139156414919
0.026741004456122625,0.07036738020460477
0.015614996618080591,0.06736408784728716
-0.06227277006354105,-0.038324042924839104
-0.06227277006354105,-0.038324042924839104
-0.03997466918522159,0.01255844490656111
-0.06227277006354105,-0.038324042924839104
-0.0324968099362471,-0.017359942060197035
0.003981817000493633,-0.01782165496040464
-0.013489425773546154,0.07263557608379781
0.06243966918542827,-0.01641527605029252
-0.06227277006354105,-0.038324042924839104
-0.006756702033377854,0.008486341632946322
0.012545068917476554,0.06618132939862852
0.007386103392896466,0.0417700756493203
-0.032569521022993875,-0.01851883526554014
-0.062272770063541066,-0.038324042924839104
-0.04880446473969273,-0.0023800243834044056
0.013295182640688425,0.0037358397110392205
-0.02875307612709929,-0.015277005920794675
0.11154484919620615,-0.027958800088496202
-0.018604702932968956,0.008524755889661596
0.018422519051277737,0.02472031485127077
-0.02875307612709929,-0.015277005920794675
-0.0270160211821245,-0.016452232204343924
-0.062272770063541066,-0.038324042924839104
-0.0320172405615754,-0.01726516258181735
-0.02875307612709929,-0.015277005920794675
-0.02892005256279769,0.04001848990363845
-0.023504546687820305,0.0028290744169170087
0.10279400654727333,-0.05290413384934061
-0.0324968099362471,-0.017359942060197035
-0.02453236132374915,0.05419500804239336
-0.014026395886749917,0.060859643436729956
-0.0320172405615754,-0.01726516258181735
-0.062272770063541066,-0.038324042924839104
0.017789227568459205,0.054361941380437394
0.010420617395838125,0.0015476361687010365
0.05442635710304507,-0.025885892057602472
-0.02875307612709929,-0.015277005920794675
-0.062272770063541066,-0.038324042924839104
0.05374618978387779,0.002709910476128987
0.060346897880134316,-0.020013107078542865
0.04367962580947664,0.014399762860177256
0.11613979755181814,-0.04187153387518269
-0.03282209667268902,-0.01708655847115305
-0.024452120459133305,0.029579655534995683
-0.062272770063541066,-0.038324042924839104
-0.062272770063541066,-0.038324042924839104
-0.006692324663145933,0.031138179723093396
-0.0324968099362471,-0.017359942060197035
-0.062272770063541066,-0.038324042924839104
0.023296548701234942,0.05582386979130783
0.04027392585246444,0.01857635778614542
0.023157901759345817,0.02113007660218358
0.0044208712157115665,0.02919945744231041
0.007783279133810661,0.04034725845880615
-0.015863772824798946,0.07887075866402561
-0.03997466918522164,0.012558444906561083
0.05117721304919326,0.015121478587882002
-0.02741138178635606,0.0019650604208618495
0.0012236963404929138,-0.0071640254875568405
0.05287562369487755,-0.022048097189317
-0.02340555973961361,0.016031966507996365
-0.06227277006354326,-0.03832404292483937
-0.0320172405615754,-0.01726516258181735
0.09458529304468408,-0.047673531912543456
-0.039974669185221655,0.012558444906561068
0.014367837592992514,0.04332080908764227
0.016866455033086033,0.006442820842549457
-0.033652514653062474,0.01541001562301181
0.05406653780584143,0.00200009976277785
0.04456516889797183,-0.01736363027181284
0.09535738186165683,-0.04154744096235312
-0.021542351106128437,0.027665750825832638
0.06612466182908373,-0.020149282181917957
0.06034689788013436,-0.020013107078542813
-0.02797025841286114,0.04924869645864394
-0.04880446473969273,-0.0023800243834044056
-0.047516397648300616,-0.0038696689808536437
0.0007565246594767779,-0.008408027083241806
0.05927956748041115,-0.02037534333532558
-0.0020816825099963508,0.049443796063195926
0.007232879173924909,0.0313782181123507
-0.0008906831540492168,0.0247531767814989
-0.06227277006354059,-0.038324042924836085
0.0026009058015666955,0.0374580168426957
-0.004804404242440099,0.01882743835958961
0.062466937717202686,-0.005341045288607648
0.0771027059748741,-0.02845274156382214
-0.06227277006354072,-0.03832404292483625
-0.030764065336197237,0.0473121979834994
-0.0014421631712669772,0.01566153547629498
0.04206494504823641,0.04954631580848464
-0.049390037474903725,-0.003014563167933202
-0.032753995049617256,-0.018733178828493006
-0.015262003634666448,-0.005609898311685103
-0.03201724056157539,-0.01726516258181735
-0.025153391109933393,0.022189443276818495
-0.04717784375896231,-0.0043814283783456115
0.034797426029778554,0.04809976622161658
0.07161309421183874,-0.02045157904589935
0.11377070357050803,-0.07155671189253031
0.11606090902788835,-0.04173497252162444
0.009687843472539957,0.02360636417724867
-0.03249680993624708,-0.017359942060197007
0.05466922894267754,0.0017259095377763116
0.00029964534855493857,0.04129099896086137
-0.02907743832087802,-0.012553935965748142
-0.03288315458249172,-0.017273844469831455
-0.03249680993624708,-0.017359942060197007
0.050704685068415925,-0.0004485903425368926
-0.011718123363998972,0.004931524529963824
-0.028753076127099427,-0.015277005920795006
0.05118251644215436,0.015177394019860343
0.0852606279867366,-0.026546580070126034
0.003886207578530578,0.024746378097605375
0.10997158561047204,-0.047582227162742706
0.06345374230694936,-0.008823129552083692
-0.06227277006354339,-0.038324042924839576
0.005217957522248521,0.06654501338639111
-0.038439430418542066,0.017010181833855217
-0.04085987862172446,0.003420138383171488
-0.04290353186200621,0.012066144372847696
-0.028753076127099427,-0.015277005920795006
-0.03660083078169639,-0.008268829606998396
-0.03249680993624708,-0.017359942060197007
-0.010061692179076535,0.009466886237798941
0.024794952134333137,0.05258230771074867
0.041265740215035374,0.04607385969525763
-0.06227277006354339,-0.038324042924839576
-0.03261094215960742,0.01888044245669588
0.01652677444092943,0.05423112077013805
-0.03249680993624708,-0.017359942060197007
-0.06227277006354339,-0.038324042924839576
0.08279871734882463,-0.03413867465363482
0.003696461389129376,0.0622945907255047
-0.027880253651277793,-0.017064725175679682
-0.014933270189800703,0.005753176841349994
-0.054836017437475425,-0.007232681122185659
-0.06227277006354339,-0.038324042924839576
0.0044208712157115665,0.02919945744231041
-0.015493021773466335,0.01152742007135598
0.00398181700049365,-0.01782165496040474
-0.015853870775890358,0.013653424888497492
0.007676487975588928,0.06190851442799076
0.00755697229233742,0.06600061322855053
0.02131440872672234,0.052360324919964424
-0.028753076127099427,-0.015277005920795006
0.0932397412690403,-0.03893513511436988
-0.013294975913000873,0.011363308266306348
-0.06227277006354339,-0.038324042924839576
0.06464630175411619,-0.022506458845504344
0.09225035242408362,-0.04300293590968713
-0.0493900374749046,-0.0030145631679365363
-0.014718795703666507,0.033764527577064433
-0.0013887746538620313,0.0243048419098412
-0.016708804964960747,0.04212051418024954
0.04159524197264287,0.023334032155086254
0.09994074622954376,-0.04269440382433717
-0.020484887507532853,-0.0019013093773767172
0.0955860693560483,-0.048296675488611863
-0.03249680993624708,-0.017359942060197007
0.051177213049191116,0.0151214785878755
0.012450147103741736,-0.024785475267073226
0.07744934485997884,-0.01597164506164081
-0.028753076127099375,-0.01527700592079493
-0.024436663993433375,-0.004185761532442353
-0.06227277006354326,-0.038324042924839354
0.0008580704363430058,0.02384853310897485
-0.0060850053482112395,0.04767660274799907
-0.03201724056157538,-0.01726516258181733
0.11030861218519636,-0.024364542270760025
-0.06227277006354326,-0.038324042924839354
-0.028343262201997534,-0.01524428106196047
0.06850609267570375,-0.02045547967141354
-0.023126425342143507,0.001974939369148572
-0.01157087289267367,0.004895853121250618
0.006873352102527646,0.027874050475019202
-0.04085987862172446,0.003420138383171488
-0.026594031694324182,-0.01536121819087526
-0.01415546878475452,0.04582250900711002
0.07378431930353001,-0.01824905851647923
0.017223405628598917,0.03693494909912959
-0.06227277006354326,-0.038324042924839354
-0.03201724056157538,-0.01726516258181733
-0.02623755428949232,0.022188428289508115
-0.01533784098729241,0.04645617287460315
0.08786557514046439,-0.0359257537995993
-0.03201724056157538,-0.01726516258181733
-0.02443666399343344,-0.004185761532442448
-0.03249680993624708,-0.017359942060197007
-0.042520731691453775,0.015802369896056743
-0.03249680993624708,-0.017359942060197007
0.04982270069229284,-0.022935958386081323
0.023328237290435705,0.03915390829743902
0.054396882852355846,0.0016238059766170855
-0.028753076127099375,-0.01527700592079493
0.05705733146940123,0.0034603217488611395
-0.06227277006354326,-0.038324042924839354
-0.02443666399343344,-0.004185761532442448
0.05457908827886303,0.0017775487861494239
0.048119663471469794,-0.004182072095880922
-0.0425231974660084,0.011615908198790935
-0.047704242873099455,-0.00022523147161491197
0.0513375922087075,0.0018426436859384071
0.07330743037274223,-0.018162372483453808
0.010230909187535766,0.06252523151143777
0.06780081205684373,-0.020126247253886932
0.01809533831554151,0.0384436382393724
-0.021319277233846138,0.038322743963293666
-0.06227277006354326,-0.038324042924839354
-0.016708804964960747,0.04212051418024954
-0.06227277006354326,-0.038324042924839354
-0.04294550273452485,0.0014705755070868161
-0.06227277006354326,-0.038324042924839354
-0.03249680993624708,-0.017359942060197007
-0.010688812794041814,0.008761706487780987
0.11006938374516166,-0.04770885132422125
0.06357654398861852,-0.018593803209155362
-0.06227277006354326,-0.038324042924839354
0.10910549431064998,-0.053569071944596494
0.1038912336150903,-0.04526227471522127
0.006422631324643226,0.05317096621159082
-0.06227277006354326,-0.038324042924839354
-0.03255662743076436,0.02131453173938847
0.06342288908018927,-0.016355736731915656
0.10997158561047164,-0.04758222716274338
0.020378184365910695,0.07520201870759145
-0.006998932914770676,0.07540177252333366
-0.0036501139992784334,0.012488670092669237
0.0716106271192856,-0.018121953037416517
0.06040334885852676,-0.0013290140314094379
-0.016708804964960747,0.04212051418024954
-0.0036501139992784334,0.012488670092669237
0.0355470157425608,-0.01834341022443822
0.10788668182959732,-0.03335339135226648
0.008392720014275493,0.03568198183092659
0.005583316989231321,0.03819705568700679
0.06386134613165106,-0.017831392337398246
0.08911776616335267,-0.01321401141838891
0.039867591881771296,0.020521040681483246
-0.010989902732596963,0.0140091329887467
-0.038062782009679476,0.013106478296180122
0.06293857155231171,-0.020764049575273242
0.06697859447099241,0.01598648371416471
-0.06227277006354324,-0.038324042924839354
0.023814219698527286,0.05407080740800497
-0.06227277006354324,-0.038324042924839354
-0.014460572933637795,0.07557106475101488
-0.03997466918522145,0.012558444906561442
-0.04827216204589944,-0.0018053714235327153
0.04831987863087939,0.04420186194047387
-0.04717784375896238,-0.004381428378345462
-0.028753076127099375,-0.01527700592079493
-0.03249680993624634,-0.017359942060196983
-0.03249680993624634,-0.017359942060196983
0.018043500159005067,0.02968587703994851
-0.032533910074565346,-0.005358849532911733
-0.0023998285594060654,0.033479235979556946
-0.042642398642716926,0.009241278448558021
-0.01731715384003811,0.0056683892432650975
-0.028753076127099375,-0.01527700592079493
-0.02189488901159696,0.003081808856860956
0.02534582814543154,0.032171325574492246
0.03725403329151668,0.06779288638335365
0.11154484919620576,-0.027958800088497198
0.012942798812894446,0.043037071864474724
0.01626425135184041,0.00012813285388749458
0.001961490552968601,0.033282543897980923
0.10788668182959732,-0.03335339135226648
0.08147178340986348,-0.03677026619511331
0.06422166147773078,-0.02257028048058996
-0.06227277006354324,-0.038324042924839354
0.0007565246594767779,-0.008408027083241806
0.004585015011437027,0.017753132445128363
0.006023086665993642,0.007252799943238408
-0.02204546891439905,-0.0005672683655253713
-0.019876934412716422,0.011035011552224226
-0.03249680993624673,-0.017359942060196597
-0.04864561761271352,-0.0016705195481558175
0.07280421424942289,-0.028317646297056832
-0.028753076127099375,-0.01527700592079493
-0.011718123363998892,0.004931524529963941
-0.03288315458249155,-0.017273844469831386
0.03441982287705936,-0.02350805436012119
0.013892598118572005,0.018493317664820933
-0.04454365690878569,-0.017374767411283975
-0.032017240561575205,-0.017265162581817105
-0.021894889011596384,0.003081808856860651
0.09445576796698929,-0.03568461131725162
0.0055071320961101065,0.03759562425353443
-0.028920052562797775,0.04001848990363832
-0.01872211729916654,-0.008034572892483846
0.06763092785073277,-0.006204039926734585
-0.028753076127099375,-0.01527700592079493
-0.04939003747490574,-0.0030145631679369058
0.010529909950957178,0.03550638524414872
-0.04880446473969279,-0.002380024383404375
-0.011104125275699083,0.0118661711804899
-0.062272770063543474,-0.03832404292483972
-0.062272770063543474,-0.03832404292483972
-0.02623755428949265,0.022188428289507258
-0.0036501139992784334,0.012488670092669237
0.0944557679669893,-0.03568461131725163
-0.03288315458249155,-0.017273844469831386
-0.02738391179005452,0.051148994047390796
0.09426996650979373,-0.019533603368025496
-0.030338318639841145,0.01691819362108023
-0.0002783356658948106,0.01334383654857448
0.06609705400512687,-0.020094743817286938
0.015067602656512287,0.049385753497853145
0.06619187951558435,-0.020165905387073284
0.06838790080484096,-0.019976827080998703
-0.04939003747490565,-0.003014563167936797
-0.04294550273452484,0.0014705755070868215
0.07149230907228812,-0.017141887782109625
0.06849510200290214,-0.009720883231065194
0.04234057028086997,0.0274691324454274
-0.042414323786512886,0.010863590144293838
0.015381394852499538,0.049872501007810155
0.0055368847264198155,0.05937756110128081
-0.06227277006354066,-0.03832404292483617
-0.06227277006354066,-0.03832404292483617
-0.038439430418542066,0.017010181833855217
-0.03201724056157525,-0.01726516258181716
-0.06227277006354066,-0.03832404292483617
-0.03240417839510435,-0.01864488460459569
-0.03249680993624673,-0.017359942060196597
-0.026887141432836117,-0.010095899504098142
-0.012168344978255531,0.04942776317371788
0.023579270774984864,0.025463553259069193
0.003981817000493663,-0.01782165496040444
-0.06227277006354062,-0.03832404292483611
0.028408046051768464,-0.0014771382862686236
-0.00668784481964313,0.021834629538346747
-0.03997466918522128,0.012558444906561463
0.04215945400179931,0.017801284013695174
0.004075380435211698,0.025782505683499227
-0.014519745137756472,0.0023740422062839177
-0.04152122470768802,0.012554095503293205
-0.04451187928921882,0.015180338355614791
0.10678698480496907,-0.05408602556552621
0.009378339839436823,0.06521739843567806
-0.028753076127099424,-0.015277005920794935
-0.02057084515677603,-0.0016566852705675917
-0.062272770063540636,-0.03832404292483609
0.025573757834179388,0.053161560187384965
-0.028753076127099424,-0.015277005920794935
-0.03299081926966678,-0.01182405062727686
0.05834315529260065,-0.01632251355868461
0.08649836444475811,-0.03605479817053597
-0.015315176512338493,0.012898812364871275
-0.0364689166120462,-0.008385879745728334
-0.02616707997947456,0.02259874425555295
-0.028753076127099424,-0.015277005920794935
-0.032017240561575226,-0.017265162581817137
-0.031405413730431986,-0.01376299539462799
-0.02189488901159638,0.0030818088568606602
-0.03997466918522124,0.012558444906561512
-0.038139670446076884,0.029365010755349443
0.06619187951558433,-0.020165905387073278
-0.028664826353163572,-0.008626875063186388
-0.042948895073530925,-0.023671245968197047
0.08860008442196189,-0.025970300419367466
-0.062272770063540636,-0.03832404292483609
-0.032017240561575226,-0.017265162581817137
-0.029672359649899928,-0.009649306971091865
-0.03907141014303283,0.01687221276103414
0.06431005322086178,-0.017821497870819
-0.033383148241830106,0.005922361898045213
-0.062272770063540636,-0.03832404292483609
-0.062272770063540636,-0.03832404292483609
-0.019015767455638353,0.0427621154430161
-0.016394981077568472,0.01282665312737383
-0.013902127276730689,-0.012701793262182652
-0.06227277006354062,-0.0383240429248361
0.005982626991093831,0.03239581143763281
0.07773975623642163,-0.027226674303001595
-0.01791332062588936,0.05726806617592007
-0.06227277006354062,-0.0383240429248361
-0.02189488901159638,0.0030818088568606602
-0.028343262201997534,-0.01524428106196047
-0.04658567540005654,0.006788398032671343
0.05133759220870756,0.0018426436859385112
-0.002368629977864409,0.05554183167499487
-0.030414241905833802,-0.018830072056971844
-0.021105255931839612,0.025996096260466145
0.0051656728493992025,0.023050271353144525
-0.06227277006354062,-0.0383240429248361
-0.037383953096150446,0.00958702954825272
0.021711081355040927,0.026925755241539787
0.005146506590218576,0.03490392286911473
-0.022129563183224,-0.004718004708618542
0.04311051046475164,0.013872756694195324
-0.03255662743076436,0.02131453173938848
-0.06227277006354062,-0.0383240429248361
-0.03292775960111353,0.007393867765687768
-0.02189488901159638,0.0030818088568606602
-0.032017240561575365,-0.017265162581817345
-0.04939003747490568,-0.0030145631679368724
0.015851084881290924,0.07506607515249719
0.01668622413744845,0.05402815536535113
-0.0324968099362467,-0.017359942060196563
0.09649234777653196,-0.024748606914393644
0.06777994155747999,-0.009773198844225952
-0.04827216204589944,-0.0018053714235327153
-0.03997466918522124,0.012558444906561512
0.037780049767150325,-0.016228527667614047
-0.06227277006354062,-0.0383240429248361
0.0024002696776655626,0.033034588287678746
0.004661629663073867,0.048788624021454945
0.06612466182908396,-0.020149282181917746
0.09994074622954359,-0.04269440382433733
-0.06227277006353964,-0.03832404292483715
-0.042945502734525055,0.0014705755070866348
-0.006692324663145881,0.031138179723093497
-0.04751639764829811,-0.003869668980849945
-0.007604902693989452,0.03421508061533334
-0.00041626340938942725,0.046794139068613176
-0.033140765221579827,-0.007007082172127962
0.0999488723466345,-0.055731766932572924
0.012099651370610644,0.06689696569923193
-0.008265709261422432,0.004326185630279015
0.06422166147772758,-0.02257028048059506
0.0007565246594767779,-0.008408027083241806
-0.04615869810730722,0.00253788451946214
0.017008035257985315,0.0065917055315284695
-0.06227277006353964,-0.03832404292483715
0.07860495532756348,-0.03613764327130527
0.021785078491173726,0.02874029141020891
0.05496226359862502,0.01663432000508502
-0.06227277006353964,-0.03832404292483715
-0.04939003747490568,-0.0030145631679368724
0.008263481814022677,0.03750070285145521
-0.0002225764606397739,0.04919386177445874
-0.028753076127099424,-0.015277005920794935
0.013610635891932362,0.03565736211809499
0.0007349308953985655,0.0717378320225155
0.07557896580734574,-0.015533625940287385
-0.06227277006353964,-0.03832404292483715
0.03917986205803859,-0.015762602212034037
-0.032718362771082164,-0.02020789743103178
-0.04368862640788476,0.007396863077612693
-0.010239594734784228,0.014508836665256004
-0.03997466918522124,0.012558444906561512
0.006242421498316994,0.05923559680390706
-0.028920052562797775,0.04001848990363832
-0.036468916612046,-0.008385879745731599
0.09247450641169856,-0.041709088916282125
0.05927956748040975,-0.020375343335327124
-0.04104040001588932,0.011526737701220566
0.0138940080973902,0.015053500851766325
0.005087546071248639,0.05598738370201251
-0.038139670446076884,0.029365010755349443
-0.020093070267482364,-0.008296546274236913
0.01685886911365275,0.0487686482309837
0.03995782789799662,0.04609270808547837
0.0002661923210538839,0.025164085911153995
-0.0320172405615753,-0.017265162581817293
0.07686811349647663,-0.02742508496360943
-0.008421435351966624,0.0023774186006190134
-0.028753076127099424,-0.015277005920794935
0.02154441472875134,0.05790195194889912
-0.032718362771082164,-0.02020789743103178
0.010457904492242577,0.038522354646828856
0.07114836795725164,-0.0181549052777784
-0.03294034964573174,0.01687296267337709
0.050123920345480064,-0.02647527914372897
-0.06227277006353965,-0.038324042924837175
0.07955171745069282,-0.030006269987562745
-0.06227277006353965,-0.038324042924837175
-0.04712294265197247,-0.0012734499500269606
-0.06227277006353965,-0.038324042924837175
-0.0320172405615753,-0.017265162581817293
-0.0296605804425493,-0.004865962224537407
-0.032496809936246436,-0.017359942060197163
0.025310292145193695,0.05897791772343855
-0.023943615950015925,0.022235900950018043
0.060558083680343114,-0.017314664967102236
-0.03282209667268909,-0.0170865584711533
-0.010989902732597217,0.014009132988746434
-0.0320172405615753,-0.017265162581817293
0.11161980327253401,-0.02804678829514843
-0.028753076127099424,-0.015277005920794935
-0.06227277006353965,-0.038324042924837175
0.007733305286104142,0.026690196478016483
-0.02249002193378603,0.004897764499109593
-0.03003565895764922,-0.016711816332975037
-0.03662196003067355,0.031060288317911793
-0.02312642534214321,0.001974939369149052
-0.02319999589383339,0.019274653510886024
0.006368345710524418,0.0583795704847331
-0.03809127760688396,0.004659339121273367
-0.06227277006353965,-0.038324042924837175
-0.012109339147821916,0.014238582135727963
0.03367459738292307,-0.010448030551885996
-0.028753076127099424,-0.015277005920794935
0.017671940673001152,0.06427149351228618
-0.06227277006353965,-0.038324042924837175
-0.04015204973317718,-0.021274426520830177
-0.03893655481888419,0.02305436254318909
0.04159524197264289,0.023334032155086254
0.059660610245653486,-0.01380731925263522
-0.028753076127099424,-0.015277005920794935
-0.047462250559487475,-0.004677813898854713
0.09438232064125607,-0.047840688075143994
0.10240468603328608,-0.03296374060825004
0.009671257876188392,0.07261766717257719
-0.06227277006353965,-0.038324042924837175
0.04119099975177067,-0.01714055227766335
-0.03115776424282027,-0.01021804399273119
-0.06227277006353965,-0.038324042924837175
-0.0320172405615753,-0.017265162581817293
-0.011346775819406124,0.012749926485246437
0.028408046051769765,-0.0014771382862663518
-0.0320172405615753,-0.017265162581817293
-0.032565266435427724,-0.010186485855921539
-0.03997466918522147,0.012558444906561219
-0.028664826353163638,-0.008626875063186476
-0.0408598786217238,0.0034201383831713728
-0.06227277006353965,-0.038324042924837175
0.043965415362910265,0.04693572927711624
-0.021066140478289513,0.032248932207574486
-0.04939003747490608,-0.003014563167937295
-0.0229474458065591,0.00043908110009422573
0.08971028476828694,-0.023892489370168454
-0.029077438320878078,-0.012553935965748183
-0.03997466918522147,0.012558444906561219
0.10084771156134772,-0.0422642362512501
0.06849510200290213,-0.009720883231065207
-0.032496809936246436,-0.017359942060197163
0.03236617881932415,-0.01020306054611682
0.015851084881290816,0.07506607515249704
0.017216268142286488,0.03485486655396619
0.068699495330567,-0.016273526634304522
-0.026878168156507204,-0.008516727421728394
0.002066803652582466,0.003574602407694074
-0.026029136494051766,0.06187934301010939
-0.06227277006353965,-0.038324042924837175
-0.034452280993029084,0.026321381762735848
0.059660610245653486,-0.01380731925263522
0.008221109830307185,0.044180998309629495
-0.06227277006353965,-0.038324042924837175
-0.06227277006353965,-0.038324042924837175
0.007676487975588898,0.06190851442799064
0.059660610245653486,-0.01380731925263522
-0.03249680993624643,-0.01735994206019715
-0.020441599332439993,-0.0020379411652293677
-0.050295401411481803,-0.018643326558282818
0.05117721304919186,0.01512147858787709
-0.015823468894288175,-0.0007715399808652477
-0.022150575137844387,-0.002992416973460544
-0.02568947217949657,0.003983549411885666
-0.0320172405615753,-0.017265162581817293
-0.0320172405615753,-0.017265162581817293
-0.032718362771082164,-0.02020789743103178
-0.03676670133212458,-0.013668400190963395
-0.03255662743076436,0.02131453173938848
-0.06227277006353965,-0.038324042924837175
-0.028920052562797782,0.040018489903638314
0.00285110624644884,0.052557462043177405
-0.04293928206998011,0.0028326485731374825
-0.0351475068921835,0.028518034197897627
-0.019568914295413173,-0.009105886337097689
0.0075569722923376275,0.06600061322855104
-0.06227277006353965,-0.038324042924837175
-0.06227277006353965,-0.038324042924837175
-0.06227277006353965,-0.038324042924837175
0.013979641990960311,0.0051453473041228985
-0.022307489874375357,-0.008585183721153763
-0.009159977449995015,0.028776071816483954
-0.010989902732597253,0.014009132988746387
0.005979636454474712,0.04829409078201269
0.04077194057000446,0.0478950036614863
0.06760781612354969,-0.019289956148949076
-0.03997466918522147,0.012558444906561219
-0.04957611230271249,-0.0020368968826177274
0.09362583429173144,-0.01938061609164289
-0.0066051279669025595,0.041737797462680054
-0.0320172405615753,-0.017265162581817293
-0.06227277006353979,-0.03832404292483721
0.06357654398861869,-0.018593803209155043
-0.006692324663145982,0.031138179723093337
-0.06227277006353979,-0.03832404292483721
0.04182717837297885,0.015879308269276988
0.05175838087021939,-0.02415825504907512
0.013737368668568074,0.04753009809917962
-0.04827216204589923,-0.0018053714235324008
-0.011410253812940007,0.02527784365560334
0.019700255733408424,0.05196721390714947
0.003181953736690781,-0.019694769038823386
0.07773975623641771,-0.02722667430300703
0.07181849851681925,0.003814707388805663
-0.04939003747490601,-0.0030145631679371907
-0.03997466918522162,0.012558444906561102
-0.04880446473969279,-0.002380024383404375
-0.03249680993624597,-0.017359942060196636
0.037268972667950866,0.012607349030808106
-0.023158638164392002,0.055011269424535464
0.007906718301899655,0.055501102807058486
0.007207513820824139,0.06077741433722088
-0.032718362771082164,-0.02020789743103178
-0.0018412571623439308,0.043830131204450624
-0.03282209667268773,-0.01708655847115208
0.015026495233171244,0.00012485348563490012
0.06602224100210739,-0.022373239933003875
-0.008203208405145062,0.016801557674445022
-0.03249680993624597,-0.017359942060196636
0.006170899302525576,0.05506239780455622
-0.028753076127099424,-0.015277005920794935
-0.043652649587347526,0.003929375611705188
-0.03201724056157529,-0.017265162581817275
0.0022839563246251793,0.003252297364733671
-0.03249680993624597,-0.017359942060196636
-0.006692324663145982,0.031138179723093337
0.012994083834331142,0.041524092637436165
0.04594096325810614,-0.030213420814240017
-0.040859878621723814,0.0034201383831713767
-0.01987949678581971,0.001937272313556708
0.002346642182734889,0.004740240303411267
0.10788668182959724,-0.03335339135226655
0.09217032790534894,-0.04293032749200232
0.009041277909873463,0.04625282038644939
0.031133438717639503,-0.009535518254649452
-0.0014884302767620438,0.020066644624918303
0.00158952020794235,0.033846583943115946
0.04077194057000434,0.04789500366148616
-0.06227277006354044,-0.038324042924837015
0.0029692376125602903,0.05502480515391006
0.019740889134889136,-0.0018505108973247161
0.08529319269566145,-0.026474144534865653
-0.03249680993624597,-0.017359942060196636
-0.028753076127099424,-0.015277005920794935
0.04925373805279524,-0.026262414731004963
-0.04336406585810969,0.011435336174800713
-0.03288315458249146,-0.017273844469831403
-0.06227277006354044,-0.038324042924837015
0.08818629621593814,-0.03599994014384574
0.02322690826043963,0.0020847484110067182
-0.04454365690878428,-0.017374767411282903
-0.03997466918522157,0.012558444906561229
0.06267091830022373,-0.016307434301881692
-0.021894889011597037,0.003081808856860836
-0.06227277006354044,-0.038324042924837015
0.08279871734882406,-0.03413867465363546
-0.06227277006354044,-0.038324042924837015
0.017271035766371245,0.038915200121104096
-0.015509052245275597,0.0010406733973690508
-0.06227277006354044,-0.038324042924837015
0.003981817000493741,-0.01782165496040436
-0.06227277006354044,-0.038324042924837015
0.016096607182199144,-0.01359139708991317
-0.010664496233257338,0.004708981461720632
-0.028753076127099424,-0.015277005920794935
0.06257529383111948,-0.01845086081504752
-0.027669819951427234,-0.015753369024572462
0.013532562750536655,0.060881147788051516
-0.006692324663145965,0.03113817972309337
-0.005070612768684267,0.021633357518409717
0.06384605110361538,-0.017968688222659308
-0.06227277006354044,-0.038324042924837015
0.007905776203866302,0.03938578178974365
-0.021894889011597037,0.003081808856860836
-0.030219931568066353,-0.010141930584268528
0.048469233151764136,0.043002972385110104
-0.051827208657195645,-0.016390043041014584
0.005982626991094263,0.03239581143763294
-0.02845146403564161,-0.0076999430397248925
0.06071566562331066,-0.017358764141928062
0.011531636860046443,0.002762700513742213
0.04594096325810614,-0.030213420814240017
-0.012536652084570322,0.022222966414335462
-0.023326242654271204,0.002989568247777021
-0.03249680993624597,-0.017359942060196636
-0.0328831545824915,-0.017273844469831493
-0.012899180640151742,0.006071280350375641
0.004803249372620675,-0.01818749638797428
-0.003650113999278605,0.012488670092669131
0.01653622409051678,0.038049423333708934
0.07855764626868347,-0.03614276067857554
-0.006129421641721301,0.014479768806029138
0.00637907471570558,0.04317819400062871
0.06780081205684682,-0.020126247253884497
-0.028753076127099424,-0.015277005920794935
0.08208794834393543,-0.016044605951756406
0.005982626991094263,0.03239581143763294
-0.03255662743076436,0.02131453173938848
-0.022813937023149437,-0.004125781965428969
-0.04015204973317719,-0.02127442652083018
0.01261106396707136,0.07256998669603901
-0.062272770063539755,-0.03832404292483715
0.06904060047942447,-0.009717140046835689
0.001961490552968624,0.03328254389798102
-0.00800822815906735,0.035930774438955704
0.07318278772203328,-0.011128745240699988
0.06304697710592738,-0.02640680558347769
0.06465099541931953,-0.0040766312953094165
0.0895761120121309,-0.013392002581866028
-0.04530226658852962,-0.0008244973819543057
0.049173933276256854,0.04203685371364442
-0.0064015280349821275,0.013888133719555563
-0.05450096500427116,-0.0008586493167014435
-0.062272770063539755,-0.03832404292483715
-0.028753076127099424,-0.015277005920794935
0.04925373805279524,-0.026262414731004963
0.06711687123304974,-0.019610235736227673
0.09607289421330531,-0.04839437583602722
-0.028343262201994304,-0.015244281061955375
-0.011718123364000726,0.00493152452996323
0.01905405023611419,0.05385931030995483
0.017865499248586252,0.053108456522336506
-0.02324305373880568,-0.00911057904685907
0.06763092785073295,-0.006204039926734362
0.014286823367052877,0.06712462731124193
0.009008786133944596,0.06422547987817522
0.025848511332292486,0.0032678189032960795
0.06869219591390988,-0.016408041963992374
-0.002253135548794534,0.05450807638482616
-0.004897171751616809,0.03291866614427708
0.05621924673922069,0.002128932800818692
-0.062272770063539755,-0.03832404292483715
-0.03255662743076436,0.02131453173938848
0.06539291081079625,-0.0014316188610989876
-0.062272770063539755,-0.03832404292483715
-0.040859878621723814,0.0034201383831713767
-0.011382895064195073,0.05122622986104733
-0.033652514653063195,0.015410015623010597
-0.028753076127099424,-0.015277005920794935
-0.04137623082634883,-0.02235572204424794
0.0656190022011678,-0.02207204194477619
0.04925373805279529,-0.026262414731004883
-0.032822096672687734,-0.017086558471152074
-0.0023201293367690968,0.0728592424061513
0.048137409352721816,-0.003283428881554139
0.007995455821655971,0.02344642435202621
0.06602224100210745,-0.022373239933004427
-0.02189488901159691,0.003081808856860987
-0.026016314887545855,0.025946032410561197
-0.048645617612713514,-0.001670519548155819
0.06809996421858035,-0.011919485888694872
-0.039974669185221544,0.012558444906561345
-0.016350789704688794,-0.004545093301137683
-0.027605834138589715,-0.011966398573023552
-0.02290353174304534,0.005843454660153982
0.03078570233334248,0.050916608545266175
-0.025022486425910765,0.013001869710623337
0.049419734090996904,-0.022336651588718854
-0.003650113999278605,0.012488670092669131
-0.062272770063539755,-0.03832404292483715
0.020691381611954263,0.026636901011998323
-0.062272770063539755,-0.03832404292483715
0.06833992856637493,-0.01993759010197935
0.0035878385557240947,0.016817854356381702
0.0162654042790707,0.03639995151220334
-0.0005851217930329101,0.05366452708840611
-0.034016513193756585,-0.019073026394997448
-0.030981379011172882,0.03388589348481954
0.07631709073411942,-0.012467533274669424
-0.024627196050316685,-0.028705098019605746
-0.0622727700635405,-0.038324042924837154
-0.0622727700635405,-0.038324042924837154
0.06763092785073314,-0.0062040399267341536
-5.7494529116473836e-05,0.025866673245848675
0.01071521878415227,0.07278829565951452
0.09276732261691306,-0.037012419040753135
0.09293015321107427,-0.041841196211122346
-0.0622727700635405,-0.038324042924837154
0.005511302176367023,0.029401794432395774
0.10678698480496727,-0.054086025565528995
-0.014761924222943193,0.029525302620444248
