-0.07033940057026097,0.02494493245182104
-0.08448876067455752,0.039638712759943476
-0.07932416113852503,-0.003589618289118918
-0.08364700571143262,0.015290539764568753
0.015782996066099186,-0.0806930619250424
-0.07975112784112509,0.011516747601706345
-0.06045262416675274,0.0025484773638476984
-0.0805764605864397,-0.001498508755046369
-0.013392782546626942,-0.10021685247436533
-0.08798466741316859,0.01664056334561193
-0.06239343746775321,0.010028239280000231
-0.06645838093539805,0.003366444482007131
-0.029697791332747824,-0.04160749268934028
-0.04840825337993157,-0.044162816784781345
-0.087121536874374,0.05134903169748572
-0.07301603406606057,0.050969626560418355
-0.09286977575214882,0.06849632865356015
-0.019368142260472013,-0.03094017813708106
-0.014030733440588406,-0.0016406117581194218
-0.07869886124696819,-0.010415627027323921
-0.07815880228408797,0.009980307564357159
-0.0436603786878547,-0.013325299907738833
-0.027612954995068772,-0.030008966819899827
-0.06667527941116909,-0.027706863751657755
-0.07610533177159637,0.008069509737341525
-0.05576853176460688,0.011130942487756748
-0.06153508890572594,-0.007413843741117466
-0.04407484793992034,-0.05857440776389511
-0.046949241833552084,-0.009549454391558848
-0.07205769327650635,0.02210383696955095
-0.05155536153151526,-0.019341623485882583
-0.07810148516238644,0.016398826770951325
-0.10525812298696237,0.03142622941803379
-0.05451935391395858,-0.01407435751197951
-0.07773399416448235,0.02247674909690475
-0.02034718774025445,-0.05694708957133031
-0.08463846048005144,0.007493771785454154
0.02092756471501673,-0.08162042072555169
-0.08906485855136097,-0.01923605753955971
-0.0810359724256236,0.013172710922504228
-0.0859701407818993,0.017252245557111523
-0.014933142948385766,-0.09602467739671287
-0.07384799343555128,-0.019402546434710587
-0.0671484719965952,0.01698781961903402
-0.10404303026229467,0.04200667493331986
-0.08517377402394168,0.007506472196092971
-0.006100158254412961,-0.10989151846835737
0.0012352980003562462,-0.10403476354121481
-0.07702412561736763,0.034905451435645364
-0.03868947049060384,-0.014081682547958056
-0.047049701690751206,-0.052507795026288384
-0.034380476116813455,-0.010027823814567037
-1.227855936991689e-05,-0.09876243269457045
-0.046415917337910874,-0.08685181806268631
-0.03379719373332533,-0.013512037999000736
-0.024763332113509902,-0.03907845137201157
-0.05351004244131664,0.005770503336976886
-0.07730095213139297,0.013100648079694884
-0.08660467156492042,0.048341229457104395
-0.06824963785164563,0.0202630180993872
-0.01737747351554785,-0.09276642878368817
-0.05303274865102579,-0.04383241463478709
-0.05483835373030492,-0.04655321248645181
-0.04142243827624788,-0.01102111606562415
-0.06370487740733863,0.028765996044347496
-0.08524486680705017,0.036512135879261685
-0.07750593234412034,0.029986596981862217
-0.08036378098845132,0.03813400735197659
-0.0884824998237588,0.04451270751739218
-0.005221169149379022,-0.1024606222457472
-0.04055609139771262,-0.02482583181050307
-0.055965630186688,-0.00831192728577056
-0.06888177759578766,-0.04141395192707381
0.0014936114442628743,-0.11040412922537698
-0.07299749079863144,0.015339470413254995
-0.058930035246564656,0.01644771348660757
-0.06220596112672571,-0.001973441172652203
0.0055433025203962686,-0.10557029847821892
-0.087018201732012,0.01889859529855914
-0.0711964311579813,0.028860842126684258
-0.047830091864531424,-0.021023542818003563
-0.08536963543472488,0.005946392542514194
-0.021961669029765558,-0.02910095388477379
-0.08353003701894612,0.006418163863052153
-0.0032419389428862363,-0.05674798972427284
-0.0772923729546839,0.03617938601802399
-0.07161294377595538,-0.006004183070437194
-0.09502056132738176,0.04368151696845001
-0.08065222540589144,0.05551793206612942
-0.038288307524502956,-0.036377904817527514
-0.0065439461421593365,-0.09575523187997682
-0.06373182378076545,-0.013886535305855482
-0.03257151611494213,-0.0492260355845783
-0.07402854901255916,0.027454410333033988
-0.08628940128311531,0.03589535024095616
-0.03207058863639141,-0.03245657776613453
-0.08158738375506339,-0.018025234933675804
-0.07990614243360086,0.028750406047481757
-0.04617423706525163,-0.037967178562185296
-0.06636128165339143,0.022821300156737376
-0.05573211609590805,-0.013921186499342162
-0.040118991958993176,-0.0585364453495566
-0.02842845506991114,-0.036380792950777605
-0.0677275276360051,0.020234103834288728
-0.06702102753019773,-0.039542294185116324
-0.054561724291773625,-0.013821123513343265
-0.06542845816690415,0.015367626108300525
-0.04775676951570759,-0.036707971259856836
-0.06846078037014167,0.03088506277754121
-0.03833350655430824,-0.011710151157878435
-0.06335419754754713,-0.03640282713932911
-0.07019819993745575,0.01823826556125091
-0.07125602399145428,0.020347065194955778
-0.0638924917404012,0.0049276197230025175
-0.05540308449602763,0.008695163091027486
-0.060620342875429355,0.0061926758311453564
-0.07095121705368239,-0.0069762097908331235
-0.09589671903806343,0.06411247552330815
-0.04228627306926381,-0.03640090947645803
-0.022982573060216283,-0.051753183826504706
-0.05544577689580027,-0.0485894319034484
-0.03702974324601757,-0.03468751772024578
-0.08218952852198948,0.05002088743047998
0.0026511992987408796,-0.06597645960151483
-0.07210311559119507,0.015178393595270297
-0.04213838764207324,-0.024583419904975316
-0.07076039005367618,-0.010185175514574004
0.008621065198661801,-0.10929355014437614
0.011789258117810108,-0.07083644261090699
0.012701266759924015,-0.08280479580259206
-0.08318173929898057,-0.009483261255633452
0.0004171989596825838,-0.07402242756682008
-0.07232682979514146,-0.0006812710407345294
-0.06225196377633672,0.012773144574169995
-0.06408331486850714,-0.03187938413888574
0.015078591484361597,-0.06576312665256706
-0.04068457856023885,-0.0673161221442357
-0.06563866914750482,0.015253067822892536
-0.08122056927041092,0.003446470709241283
-0.04698940757685567,-0.005005023387544916
-0.07834833360838696,0.03002198141725422
-0.09469901824837129,0.05150081896921611
-0.08575634734333419,0.03255414761590124
-0.08163770060770491,0.03387143250200376
-0.028222192114371353,-0.02686590103496909
-0.07123468241896905,-0.014510687398728711
-0.06950999976383779,0.02777764954063057
-0.015246792340236003,-0.08684480000350603
-0.06361663212774216,-0.0016842342377226631
-0.06125505931975385,0.0014836308647054642
-0.05743523600672516,-0.04671830460102045
-0.07186520382389898,0.031215793782096036
-0.03471249383645898,-0.017717702327109865
-0.05991104871425781,0.0006137811635725475
-0.06749271200376404,-0.015555219215362742
-0.07805494073606548,-0.004829120580985492
-0.09471970578824183,0.060017773322956866
-0.041111733067579155,-0.056816722343258914
-0.03496479565053594,-0.06576570337736347
-0.07466052067857062,0.025377118678534365
-0.030864759439476752,-0.08686307622274585
-0.08179721278689855,-0.0032178176166625587
-0.02426941353119457,-0.04735799994165136
-0.08109048538616363,0.03552858030273159
-0.019998762408959862,-0.05179469127536071
-0.06751883529038973,0.0029017646888504474
-0.07488140802948855,0.024294576579953556
-0.028945633075114545,-0.01922143042579825
-0.039856791141894235,-0.04803351051538774
-0.04136804603510337,-0.027900031543328853
-0.011081760330741978,-0.10239128249924251
-0.0866860019457659,0.011067375039002436
-0.06403720954683884,-0.04171629471509897
-0.07642927941580883,0.04309024949626877
-0.06400517903910483,-0.008730098968803083
-0.022712740992185388,-0.07756852956401976
-0.06125656771717687,-0.03647448659023522
-0.0705133270765535,-0.022517967142363093
-0.06005040134486989,0.010987024809122161
-0.05667044421545184,-0.02101289741144963
-0.06534967622302484,0.022427897645662467
-0.03466861546108693,-0.03206797045222745
-0.0783050276773861,0.02454941889164971
-0.07055354447549678,0.018832573353076896
-0.06047517639753426,0.003484055329089488
-0.05671984597548019,-0.028581705469751813
-0.05558584227670898,-0.05026397904767779
-0.042337543669702764,-0.013160985447332397
-0.032463855652331355,-0.08464066023630759
-0.07981017160636977,0.03771125071159674
-0.06039323812337056,-0.03255458924766851
-0.060083419029719705,0.008761897432604493
-0.08513927240745527,0.04744805468062552
-0.007423459240200022,-0.059993697820535236
-0.0757448727042426,0.029162194719908413
-0.0709802654574402,0.020540192028851788
-0.07590327604976956,0.03609620012290029
-0.04476784766970504,-0.05610493878392676
-0.049096011579762934,-0.008648942869731726
-0.066644214376603,0.017946337927463998
-0.08574074311043864,0.03321748297732156
-0.06416708158791476,-0.008840955563580123
-0.026152046094549047,-0.07373065496344809
-0.03468751208484186,-0.062017924003095755
-0.07726000059301946,0.038579473122765516
-0.030245098838691115,-0.04803810590749321
-0.07119472066904792,0.03129972398353507
-0.04334917397763007,-0.07885407492007826
-0.08223214778365709,0.04043786116007905
-0.07462757318969283,0.026430146984881654
-0.06941455785845264,0.015826163686209524
-0.055447475841169075,-0.001629689570687054
-0.05724128558110205,-0.016012814079108383
-0.07554154189869773,0.027243191244832526
-0.07240078556487721,0.02649108903081071
-0.041834167900537435,-0.039966951712424655
-0.06426929534567588,-0.02372621189096693
-0.11121088221905727,0.04996247906874807
0.003271897615540842,-0.10966403855726274
-0.08059352019801745,0.03909587955854986
-0.04057189210121607,-0.028462416055394915
-0.01616697717558354,-0.1057445984259567
-0.09830832553909218,0.0785079992259133
-0.0029824689406672193,-0.06889748924296173
-0.010873263523838071,-0.10035432487625537
-0.03909605605999402,-0.017238012232600578
-0.06202863827879841,-0.04196427095902371
-0.007234132533539606,-0.10270709318955863
-0.018232990953757872,-0.0663198685690407
-0.06349078292357832,-0.04697573843407476
-0.07832043727571052,0.04761231219084303
-0.09281809147330661,0.035588758831515424
-0.06449799901308959,0.0169827485297636
-0.013175060325255094,-0.08375156215184237
-0.08765596631324399,0.06527137654112175
-0.05953251793811202,-0.04442964444267682
-0.10225750219657277,0.05254424031442909
-0.07387347354349783,0.000673805518083875
-0.08478099138861098,0.007368081528264276
-0.029750013805447922,-0.03266849295312236
-0.03743448359189958,-0.07464318159344115
-0.01686202466776884,-0.07503321263381353
-0.05705293736421151,-0.012603746689606283
-0.015227030196523649,-0.049955004268375174
-0.024956867662544947,-0.04060565159609847
-0.06596070567842253,0.011423424480940442
-0.0728882260323557,-0.01391799880700219
-0.08496664013553347,0.012400416430231237
-0.045005892467287006,-0.05474426220167024
-0.0058975245216973645,-0.10150360493392317
-0.08683337220471157,0.04256483794504342
-0.09072341956317655,-0.004206451225286274
-0.016043715521306283,-0.06908709122604278
-0.012648611313065248,-0.09988985201920603
-0.006103734692491349,-0.10995209534779249
-0.0772162882185606,-0.00016487804858181788
0.0010155837910504624,-0.10815678701386447
-0.08362019378945369,0.030550512637064955
-0.0932250271951535,0.021904094225799867
-0.05988430249632946,0.016873242128791762
-0.062144765580810155,0.010735763820737414
-0.06384661648876541,-0.03243428021970065
0.0014672002777034849,-0.02623708133580863
-0.019392896676634134,-0.06928203195561929
-0.051083859346944295,-0.05240931427765238
-0.0707924224112168,-0.001502260288572859
-0.03856571952626252,-0.036796788023021186
-0.07044287909889624,-0.036537510079663965
-0.0406850773464076,-0.013441243406300915
-0.011398532758231172,-0.08526684195641923
-0.015314287366618749,-0.04967130375521899
0.006610320866954971,-0.10842036698729791
-0.0845213598076464,0.016608995504084234
-0.0399908851749681,-0.00748094309087557
-0.0791534590318241,0.04803305515076791
-0.07061600054200541,0.0003556729614596107
0.00452302273223847,-0.10499063425553967
-0.019131377627074047,-0.08536195530116869
-0.06063829777919638,-0.023447039616947902
-0.03505103053196487,-0.07899388977699857
-0.055518955816916904,-0.045863179322840814
-0.07103118772038315,0.007758101213813452
-0.06745155266971979,0.018940325130188493
-0.06454004720234224,0.015717453185550633
-0.07535797971343859,0.0323451074086834
-0.07839582104660164,-0.011493956181615424
-0.05822501910729303,0.0024046485729205557
-0.031808529100469066,-0.07463198518369965
-0.07228684206079437,0.043026149214760584
-0.06381842662967926,-0.040838587898661016
-0.09540767378335895,0.03828053580758408
-0.05670468518534843,-0.05236687240096494
-0.016222543544176817,-0.093825977425281
-0.07876031791842221,0.03723049944056056
-0.08704624929182744,0.021959834012407514
-0.06095790472754347,0.013483722505402671
-0.0711389630874621,0.03117429254191405
-0.03500788651673681,-0.06468176816449141
-0.0858784627328906,0.009616864803334891
-0.0654127287504836,-0.03382320866635012
-0.006508053491932893,-0.05998967757707218
-0.06056436531000412,0.005467432184471371
-0.02859277611759879,-0.06685131582558708
-0.08200751443274752,0.024540103505628925
0.018944745960340074,-0.11508713429919668
-0.08932270727784314,0.03675277124561964
-0.00705757364614359,-0.060430885864399736
-0.06419878328117516,-0.01304379720002196
-0.09029179436689537,0.040387279830104816
-0.08913177378676287,0.04170417089657433
-0.09542403618497693,0.07940039774030251
-0.07473346177958251,0.003502327685776291
-0.094819589920612,0.016245059297884404
-0.06533800699617452,0.018813001190594453
-0.09002902311893872,0.03684233540311101
-0.05803072671993396,-0.00023575501106142547
-0.07260792899520227,0.01445862682757797
-0.046638990369585326,-0.0494896515596143
-0.08054296838118609,0.045634620017964096
-0.10257277065563758,0.07277641697989697
-0.08141500988102622,0.05572425969973811
-0.10372987285899685,0.0367658959894164
-0.03802879739295184,-0.03917080201280825
-0.05725013639142777,-0.04563906830255625
0.00890428581586978,-0.07512549124319473
-0.06269024619286623,-0.023470345661568224
-0.030658141315661195,-0.03744968382777666
-0.029694478594253903,-0.03303607658423629
-0.008205489402188819,-0.054489272967699204
-0.048686125110407874,-0.01371491839170086
-0.04261038228957836,-0.01736674052596945
-0.06490802481964406,-0.01822484068129689
-0.051713033835520915,-0.016768362018951374
-0.08163792364355207,0.05121516392881391
-0.09745675968409245,0.07287359260330702
-0.051701271523085617,0.004248864507233317
-0.06576536988075386,-0.02532030287731899
-0.05567158923076803,-0.025807750033767528
-0.08284448981853779,0.02707844957577749
-0.07020808165229846,0.01626033261261205
-0.02731381543354732,-0.03327597503807005
-0.0766264214317567,0.034882825329996606
-0.013116404623868764,-0.04381049814025325
-0.009387321987386118,-0.016065217863526576
-0.05542132738402571,-0.007119919333948828
-0.020083839575698644,-0.06005054211922781
-0.06274220674366832,-0.02146108392608985
-0.011646986256622941,-0.10673279529015137
-0.02992528235035056,-0.023611892428886998
-0.01555851588240165,-0.07486837507023339
-0.0004689514854766352,-0.11191754616768684
-0.04889889427076574,-0.08644029218874494
-0.09007268633285141,0.02821961048357635
-0.053678104672211166,-0.007632315097737563
-0.06056718165360314,0.01872133737616444
-0.0007111748310785832,-0.11178268693495823
-0.0952300119043477,0.02968084267783157
-0.0035029833671448157,-0.052684169522760615
-0.06770461528678029,0.015217824706992077
-0.0611093324121666,-0.0021424886284203636
-0.059242317454775054,0.004613861230642729
-0.07719406685013668,0.02247033011095061
-0.06629955246880047,0.029071693124536755
-0.06082417887904954,0.0003749523920996512
-0.059846055995137926,-0.022015565414182335
-0.0338674772317141,-0.013307372394405744
-0.08223988369131752,0.01100660620478956
-0.04877843712046876,-0.03265789714202994
-0.0751823734244699,0.03276065638852943
-0.04858557629260271,-0.004433391892315691
-0.06032320747493002,-0.056961803700859875
-0.07139656060703282,0.0011213208977532154
-0.06211648198141016,0.016501260793925568
-0.08109846355679619,-0.009289928465512558
-0.0681767612540996,0.012164632077149058
-0.0464641772117815,-0.0268644806475844
-0.011474207986460996,-0.05585171285155985
-0.0724116862759552,-0.008672312592918728
-0.06334230245674759,0.016314052662186156
-0.05990893296878483,0.004778466399815032
-0.08970907574001173,0.0140928973564643
-0.08030896607225975,0.04551487340540194
-0.07028780094831566,-0.023399940629032816
-0.056988008175856995,-0.031591167015136395
-0.051744221270710954,-0.007623134533951938
-0.027772001117299508,-0.022756406408797097
-0.08251075091961294,0.039693797777418854
-0.02765238088148049,-0.08066538640944422
-0.09407090481350192,0.012221042928392186
-0.08574240794938717,0.048521782944821755
-0.047818945130712984,-0.03813468200078318
-0.07198788210401295,0.02719814779477675
-0.045789119348223065,-0.012241031730461352
-0.08959363716454279,0.046071676849514444
-0.07661318164338576,0.04137876187703445
-0.04136421940619097,-0.017185856991810584
-0.06827999501715148,0.0326471651901463
-0.08222512216312584,0.003869842785774349
-0.08188519179349664,-0.0004533512926356586
-0.0062588033935844735,-0.0924002208134382
0.003745066495921241,-0.08049435428831442
-0.019291666001693554,-0.09533977004986051
-0.0796126549468293,0.014245779097048866
-0.06595727942080491,0.03893182271489431
-0.028955078076697928,-0.0540038297880244
-0.06686682250280195,0.023951194270558047
-0.06926908301094445,0.05730600048382904
-0.026123289712771183,-0.09028398019747688
-0.07761853281054529,0.007965679363694094
-0.05402717757727625,-0.014205183413578203
-0.042434039303715414,-0.02319963759923052
-0.021573622503697203,0.07157377135982203
-0.03809433903622541,-0.061185298824665134
-0.0012128389280795441,-0.10969792243349223
-0.0686485535868857,0.01625588143234809
-0.08310952156223977,0.039743804850824904
-0.05173971891678592,-0.05779240725987824
-0.06891908473435578,-0.02830946058580395
-0.025519615985645856,-0.10154075580225501
-0.0830690951269151,0.0664490280033217
0.007186794460200131,-0.02958255850632863
-0.06707874992989901,-0.029375548189974805
-0.08283564924018036,0.05518114464485503
-0.07529430180072161,-0.004149806105195484
-0.03423949288271866,-0.08410386974325126
-0.07591370666089232,0.030510949357780245
-0.0556341919488727,-0.0493066142488896
-0.0781256220932425,-0.015252768071734576
-0.054241821800029504,-0.020558816970607924
-0.02183579770008061,-0.08665288890841037
-0.02772930062984615,-0.06823481987203012
-0.08578947834242458,0.05915211490010098
-0.07687223813873223,0.020413464245794887
-0.07887117112326468,0.00506586074348935
-0.06836621419551885,-0.007220707571950647
-0.041524140634328396,-0.06822550113554704
-0.07981079038418079,0.05034661226614185
-0.07623527167012661,-0.004808417672281187
-0.07097801990954025,-0.015671373468575275
-0.08408816866215707,0.04029242365356575
-0.05576111696361851,-0.01424451487837594
-0.057466334568551235,-0.021292338159755876
-0.10294648613490781,0.0361737914177896
-0.07732303682638897,0.038319877557957974
-0.02465600745226659,-0.0574276635821134
-0.0912295948923761,0.006200991958170935
-0.04353044983770972,-0.040764162759383445
-0.08880374426923211,0.02560824523868903
-0.04205236174280265,-0.01715357129240146
-0.06317796439527538,-0.02473847470777296
-0.021928218687094093,-0.08824749501400123
-0.07425691048954662,-0.01518043205910114
-0.07054333241830842,0.029003960124179554
-0.08776331806077253,0.043069217466528656
-0.08475187856664926,0.006102289824590512
-0.06401896803294899,-0.020859761926157072
-0.07801535792368464,0.03496801038203942
-0.08159470951554461,-0.003986446486964478
-0.08374316470534719,-0.0062925002237948155
-0.07224458815479042,0.03115528675552972
-0.07441296468482272,0.017811541189905904
-0.07558100593167041,0.023772469946928557
-0.09343134482049664,0.05995062690896239
-0.0741659921332547,0.01470916848655627
-0.050178689659020774,-0.026582153004313498
-0.10012949888384556,0.055609344355824535
-0.026217847531641508,-0.027259450003106745
-0.046515219073771576,-0.06379603178040896
-0.0632951935208806,0.030884211307919775
-0.04311398626357945,-0.014516289100421362
-0.08817988314947023,0.025370375899198955
-0.0709784550535968,0.015105410412371616
-0.08211424154469187,-0.006730145440024329
-0.07106674954402156,0.01835144804727297
-0.08710948357293484,0.04622507559063403
-0.062469439120374025,-0.017428116059589133
-0.0058983317005748175,-0.07209060149573294
-0.07294911378073309,-0.03209351151918407
-0.035775767241653766,-0.017380378373824914
-0.01102036693162314,-0.09668096729745461
-0.03706482227110323,-0.07568414471919528
-0.07767543053709981,-0.008042523879693307
-0.06716563026451232,-0.04380516805583792
-0.07433690909962325,0.03737621581984036
-0.042996053964980616,-0.04938849591967564
-0.021712890488065285,-0.07170352034038761
-0.07941778113269755,0.040815263538441754
-0.04191267644488193,-0.03815703549003881
-0.01543063278436395,-0.09493789562294055
-0.06365061975642362,0.009740257238538544
-0.06813681071589929,0.03552892691508704
0.0008985843533835082,-0.11112514131768124
-0.08159076977421587,0.019582719051028128
-0.07007675847189612,-0.0008153523656447356
-0.0791194911611168,0.01771442437151976
-0.01132594149961177,-0.05900263278279557
-0.03455382988063761,-0.07205462329593987
-0.07580045830149704,-0.02071845933333902
-0.08064902000867356,0.03319768455402844
-0.06797154075926824,-0.0022078916357773223
-0.060899478279250754,0.012874344045473027
-0.06330071054882472,0.01434377615242166
-0.08151652412099442,0.011864153430303214
-0.003864861237008623,-0.11260850848131876
-0.10487120850780188,0.039241628245662255
-0.049703805498667215,-0.031998627635178994
-0.05892147664712329,-0.010069890224159625
-0.02521151774426023,-0.03849486261701439
-0.02744435657403665,-0.09600599495485092
-0.07937486220613554,0.031190395287206726
-0.07644287722569677,-0.01754097175752147
-0.012784564916439317,-0.06276417668002487
-0.10126691225027204,0.038595158386681254
-0.06399665012722251,-0.03490173221036005
-0.07164940410870711,0.020776964863001537
-0.0867423330057808,0.037767238722697806
-0.08070372958630548,0.03771597561522128
-0.07967439321044528,0.009077063001562996
-0.09324360254719351,0.07011742991473223
-0.0936457779894407,0.004062852187747178
-0.027844584767185772,-0.07149944248395389
-0.09105933312067478,0.05702411913771054
-0.03529907299147001,-0.0807443646112616
-0.08261061965337939,0.01974405202456174
-0.0865291348979598,0.02455503812008015
-0.061255273359224316,0.014377401856917927
-0.005171832195972588,-0.09718595416391768
0.003270231618299668,-0.08067301282110396
-0.08535806169529876,0.0046707755883215185
-0.0659088555311174,-0.027338905756855932
-0.0777562187681775,0.03806649132155556
-0.05593299700864083,-0.0020757713957104077
-0.06939728053845204,0.024693999033851128
-0.07624354399973968,0.034467751959785596
-0.0882890253735171,0.03251575767410985
-0.059944431491882035,-0.0362148371593384
-0.07855369343133918,0.04868530488666583
-0.04300066036808679,-0.016511411772864186
-0.0008687383287565889,-0.08181351133611281
-0.08270134992641037,0.0440391430165509
-0.07377595686462263,0.0089777056656435
0.00034187959603582677,-0.11387176998772222
-0.019631216867515906,-0.01927290970540031
-0.007465707362306385,-0.055131565814352766
-0.009697041185798347,-0.07180302756339627
-0.07510302067614753,-0.007035801133325245
-0.08018058581334818,0.00808464941751051
-0.05664237768837697,-0.008203522232098292
-0.08232999866652815,-0.0015066245973457749
-0.07116124553764011,-0.004567498392105945
-0.0928054901458261,0.04143980251264625
-0.05464993357877626,-0.05592236303677927
-0.056334547256151446,-0.023879397758119123
-0.01812644072216095,-0.10265136161103461
-0.05454907333695081,0.005620747315203927
-0.05914624057257827,0.00025357177588559694
-0.028240825316844787,-0.08935698558681593
-0.052715884678524894,0.010817824560159155
-0.0025728301794749327,-0.11182994923450049
-0.07031099893283896,0.01933183709091382
-0.060204094288972915,0.0429429463697575
0.005298247089871835,-0.10946586118300147
-0.08118403376440093,0.04785467325594075
-0.0033090926568079618,-0.049093990573116614
-0.03690704964249921,-0.011062847354380128
-0.051217075398862784,-0.044675886256523724
-0.08846431036491706,0.05463032347323922
-0.08906764700362502,0.016503380685247822
0.012458291858258422,-0.03467446731473462
-0.06585403719670735,-0.002535483241463252
-0.07461037776807866,0.01972656671435959
-0.05878427002080233,-0.02834549482400405
-0.019081226919275846,-0.018909073117604095
-0.056247559159779296,-0.016655000688125327
-0.03094058117011668,-0.0524824506324477
-0.09010171697660221,0.051236034135226025
-0.06948149436518997,0.01987999436163914
-0.031200943247045858,-0.05132899079866853
-0.09097437856929964,0.045429957285660995
-0.06567952062899231,0.020293863530530816
-0.021876007501419756,-0.05297012440430562
-0.06841481370120356,-0.021601298102164563
-0.08284379474173018,0.034551416091545314
-0.09896185055594725,0.009976157682945457
-0.0386545100582849,-0.01903067823000356
-0.016539821858877438,-0.05724113659457206
-0.08097212997024866,0.019971539530760866
-0.07371733476427916,0.036612526427472133
-0.07568665997356845,0.0396888240746367
-0.058167232734821786,-0.04485898708922626
-0.0738960393640344,0.02800895865678728
-0.08115936724519232,0.011404624175787288
-0.0781880021562023,0.060078757287700665
-0.05059267727720015,-0.046740563228886894
-0.06526813330085102,0.006236443968450041
-0.08690455712187191,0.00454518390270434
-0.07531510862399599,0.025830912363915555
-0.05303873259021059,0.001980691908846467
-0.07733417552774306,0.04939658303168748
-0.04134434245298256,-0.039381052352257855
-0.005895250445874709,-0.04644142463692662
-0.0733714531978051,-0.010347681758166569
-0.05691467260507939,-0.004704858901791811
-0.03222119388706433,-0.0029988437792424767
0.0014915754751835216,-0.08155323839591311
-0.0817129623624954,0.03345454604998274
-0.06310443489109989,-0.024228962483067582
-0.08162979559095256,-0.008548187406107232
-0.07524202151540736,0.0009586835898031221
-0.0227736600763093,-0.0945265182288503
-0.03063054057385468,-0.07020337895498939
-0.08857465534055688,0.0582789618189019
-0.0362237963845998,-0.0646091926446379
-0.06864511914754994,-0.009916791028595504
-0.07194552706564247,-0.014832765911601004
-0.025863136357182757,-0.04177879927265046
-0.04703708045471339,-0.03941199188437143
-0.01842802439361085,-0.045054746192291946
-0.06478786087479639,-0.02325116979604628
-0.05126042185843386,-0.058072380508949376
-0.09304138046124376,0.019027856721305428
-0.03916631836150743,-0.07847031715571742
-0.08028547355807109,0.044343826906373174
-0.03780530971835063,-0.017448252760544486
-0.08068079678604996,-0.004883489509885443
-0.07248044917066093,0.02679706625128752
-0.05766847208725847,-0.011607358598306102
-0.03845279241727054,-0.045761042361397455
-0.07531945910192576,-0.016900903378355824
-0.07053307849049101,-0.007493047217489899
-0.07772659618607738,0.005805035141465882
-0.050251530857573994,-0.018388501254483918
-0.07848964106567828,0.018728629836661917
-0.07134162459728123,0.03245540530447296
-0.008343198084887357,-0.09380288995659351
-0.0002893026402822172,-0.11045319305163362
-0.07545316331158777,0.029716242778385693
-0.0824723594893663,-0.005605790892754095
-0.03647971078263057,-0.07546844560538321
-0.0876519318579653,0.011864228197896187
-0.05000132845387004,-0.03040023539764828
-0.07474374367327344,0.03573255458906323
-0.047768142348539475,-0.02273450622330123
-0.09314709006771603,0.026631642857087284
-0.05801437353226575,-0.007365367745511695
-0.03346725755125173,-0.07276809893485289
-0.049235780756225846,-0.030807874301817105
0.0010558307930357274,-0.0744839116738183
-0.0036176778878701196,-0.10281712879796191
-0.040290003501918345,-0.044021653772873384
-0.09549425343105569,0.016711113842291098
-0.040079185445688816,-0.08059681968345193
-0.0719679656831729,0.03681213267819463
0.00032826718980343467,-0.11361714749557472
-0.0630537513497238,0.006576813536578112
-0.07633879745546841,0.030789789093641842
-0.012467420364384144,-0.06193650773807524
-0.08033714743727088,0.037158112486703275
-0.06372948400630214,0.0054701633060972345
-0.02438933687745951,-0.050212776810276784
-0.07435785128663529,0.0350973243327647
-0.053642017014733236,-0.059513952381874555
-0.0748904424677103,0.024247570473246778
-0.06902121376269452,0.030759925184719764
-0.06251335333444116,0.017384386686028375
-0.017821292633464544,-0.0677169301030882
-0.02138720497891397,-0.03468023185184554
-0.09103749329501343,0.01569438233128632
-0.06744891222488722,0.02325431646797638
-0.06280803729880814,0.014821349613321202
-0.08728257964707369,0.0042950938419662795
-0.06188043188424914,-0.03684991384302788
-0.04382039132902504,-0.04050770183725885
-0.0811246213511513,-0.0029907186687377174
-0.051752919889219054,-0.05924349199891833
-0.0780147646443028,0.0002754607443721632
-0.0810813745256584,0.03331480100796664
-0.06515739640740846,-0.03562883985292207
-0.00210872186977213,-0.056678048334106695
0.007077511598485775,-0.0846186998993724
-0.07399966317560848,0.02782580023690115
-0.06739397146340526,0.023127200232177972
-0.0798204065718691,0.034953592400586
-0.0721178525979903,-0.01301573719788548
-0.04183689114775067,-0.06590930970936724
-0.05519844639206189,0.03429762416893557
-0.02250332453666592,-0.10486586333720845
-0.041388163664270665,-0.013057521070580232
-0.06940595817300808,0.028369333462816455
-0.056432286555386756,0.010416356422042014
-0.05843221945958885,0.009329385893217157
-0.06402868692036678,-0.0036273240399946204
-0.09608531438260298,0.03744092872466156
-0.09283602964838267,0.029129932496233416
-0.025173411298115397,-0.08571751025068161
-0.08090052614638661,0.013565178772470972
-0.06925049039002755,-0.0007665498113359714
-0.01059438180257466,-0.060153017562275105
-0.05786814683801944,0.013175908431983999
-0.044799978907202324,-0.06328883479713912
-0.07306615246936503,0.0025941102648825405
-0.08621726924953153,0.03486923459970236
-0.0362046825927922,-0.03678901359985356
-0.035841131767792314,-0.07111903803223138
-0.04857270495641938,-0.01671019352738705
-0.07354356711657778,0.026601603661334326
-0.055980764563378284,0.0018890380065958922
-0.05110668879766323,-0.03424085939506682
-0.0674573412419165,0.01632589700102251
-0.0837053913254733,0.055102721397022304
-0.06303253681253568,0.010349140353086476
-0.09106961746743823,0.06093061437784564
-0.11224449961195294,0.05272151353521472
-0.08248407323328388,0.022838530323600583
-0.0838364574836961,0.054791361446568376
-0.056213420592627884,-0.02502815080757749
-0.06768932967932907,0.018833320367164265
-0.04901384589019124,-0.05011168007476619
-0.0002514671416490432,-0.08134857578646627
-0.09992661201172758,0.02763713357052638
-0.09796891433696245,0.05515096084011499
-0.058462828952991854,-0.015016895888106153
-0.05521688683199797,0.00763761177426791
-0.07402133027701616,0.0033060695627545895
0.012942229807518817,-0.08746937271494709
-0.04490341911132983,-0.0036518261982851916
-0.05891881393552473,0.009280094511686448
-0.08411718551269448,0.04549627841897418
-0.013869427991205866,-0.10527247090080254
-0.08639792537273802,0.055991318299049304
-0.07221013995220987,-0.03307551129673692
-0.05935382875309841,-0.036950792513161565
-0.07095120435210356,0.01765255123810976
-0.017427698468233065,-0.020293131048327348
-0.08181657322998415,0.001905801005928726
-0.0647197828920837,0.011494867275250226
-0.07831972504873101,0.000958626813351551
-0.07635998540294324,0.041395625251729254
-0.08931724556100985,0.045669564913842574
-0.07648412954570544,-0.02000583255428503
-0.06517097250520627,-0.009217275966844556
-0.09970174730466139,0.07129370716610783
-0.08045624814339666,0.055740822391250035
-0.08736469221753222,0.019688782057184107
-0.06585746097557338,0.022251558309233997
-0.012464662300454522,-0.06978479827592267
0.002355851847233055,-0.11065901269190533
-0.07280374457303916,0.011911386129023758
-0.0593865464269773,0.010675924359101325
-0.0304964497979938,-0.02540772108300618
-0.014256679566401542,-0.055910472135817735
-0.0537247139348624,-0.04666837377116292
-0.08486326778093828,0.004669134686189847
-0.00996571247608619,-0.054230590509597824
-0.03729237000337201,-0.06890053083863988
-0.07283110394515946,0.022616564782546006
-0.04901669878501285,-0.038097827989404136
-0.04595593789546374,-0.01305401303608261
-0.06544366286572771,-0.023457065030573838
-0.06389786843340148,-0.04024068815722938
-0.05338637689721764,0.007083808336862367
-0.04586609707340567,-0.05738546861459754
-0.05383750266100544,-0.007072844132818495
-0.050557017251840725,-0.06119897476657858
-0.08513757175053521,0.0602380677790531
-0.07923471807155455,0.02550534912542284
-0.06934553345560154,0.007845461770676137
-0.08215181871461572,0.022360422547290638
-0.05031269835550134,-0.041563399394703916
-0.03652315768872606,-0.018229601554035035
-0.09073330844624411,0.005349279579724015
-0.07449117291525963,0.026308102596686343
-0.05552165084293892,-0.017374311090774655
-0.05910509989907683,0.005787076531952411
-0.034083418647715635,-0.08125403387196573
-0.05571996826869541,-0.018909407166583975
-0.08852297851312817,0.013984174407389778
-0.08346906681129251,0.010069867689494279
-0.0582244319921176,-0.005497301117905135
-0.06473321446858124,-0.0017023731242074372
0.003808092074536871,-0.1084947281493096
-0.05092667843307278,-0.0017422130525422122
-0.022584261065798864,-0.10124935405922429
-0.034544263748969524,-0.01814600881868305
-0.013489694136175016,-0.09649697254200927
-0.047785941844277716,-0.003033097416286383
-0.0667135517704987,0.03231408695590848
-0.05059544365160063,-0.07591447353924828
-0.0460909946174644,-0.06698567260583708
-0.06768054770389705,0.028946756559606403
-0.014944756582445476,-0.09122073628910876
-0.07939145471661392,-0.005635029714106522
-0.09780207714366755,0.04016575881893328
-0.06391647355221043,0.02070383457147285
-0.0986935227830797,0.0723559571057175
-0.08609126257389164,0.0029686983876455655
-0.07703728630721417,0.015419589744323748
-0.06393727899644261,0.013758397151249581
-0.020444306794829052,-0.05632525406328787
-0.026013167521153034,-0.04481079926280464
-0.017582057479140906,-0.08971722949619321
-0.04138721359038684,-0.07492332099333074
-0.04765584518489159,0.0025315401309805967
-0.06283741929824656,0.028497266766365614
-0.07526505075129827,0.028265499209384756
-0.048860735176220006,-0.04894831751752462
-0.07320959147161825,0.030908570323528287
-0.04239319765379626,-0.029449281842686734
-0.05735820239612838,-0.0020322427885391525
-0.05619039489344396,0.0014583115983469992
-0.0690045177620434,0.01844778468374238
-0.07339837664147167,0.025327892124083817
-0.03256127959707255,-0.0699133936415533
-0.04321960793207189,-0.014289041406963167
-0.07991815225302837,0.005446091868260903
-0.06443483800877085,-0.03862543090197844
-0.08249160839058836,0.04262814802379551
-0.0904008471957742,0.06366005489409846
-0.07866668317954768,-0.01307154666232991
-0.0885626496051904,0.05010275602572526
-0.0668749141577432,0.031118043590029933
-0.07548702571779661,-0.009535060526314046
-0.028175441184050777,-0.09281443493193565
-0.012404488046317526,-0.04452054917638108
-0.008781512927272096,-0.10366579266092299
-0.04886360282011715,-0.019462336942857535
-0.06415789738322569,-0.03867922693714365
-0.009888090118895921,-0.09054851544641962
-0.07335170128163897,-0.014908110384023067
-0.0584273309995139,0.008483953927767216
-0.0501780790676973,-0.05478703988388292
-0.07025093507067942,-0.028022007842531647
-0.062195999689298655,0.029206957340775636
-0.017011231391624946,-0.05276060679573805
-0.05807801369685093,0.011795870002647356
-0.0649547868021502,0.02352208328641376
0.0007564422440829408,-0.02281748109671209
-0.04287624547430261,-0.046972884877345085
-0.08078496354360228,-0.0008026726492922685
-0.09635443185506942,0.03131695677746581
-0.07926945942150207,-0.00510155365495829
-0.072457781030371,0.03943505337152797
-0.01835928137974482,-0.09990110027853777
-0.08598981134505226,0.05801871901608704
-0.06420434106124621,-0.014806808717889416
-0.06377356068274875,-0.039953521555901414
-0.03903108868845401,-0.0003290954891365302
-0.01901651595920453,-0.05441534640654024
-0.07292105379071503,0.01770429592936168
-0.08994852814117664,0.03511321801906078
-0.06641896982019804,-0.03573073212889107
-0.0902214365524586,0.0047745154034147695
-0.06921682556283339,0.011847713372518758
-0.10440348424353922,0.05256346870034581
-0.06934667102445553,0.031667547027018746
-0.045814329672889065,-0.06015082877131211
-0.03009428050162269,-0.03194912387465439
-0.07730114899027701,-0.002448242957079242
-0.0781788403269588,-0.015778484686386988
-0.05738001404241912,0.01942340183572926
0.0004061666030161873,-0.11016055126243268
-0.01968001214006424,-0.09843503095872416
-0.06826309982017938,0.007807342035890524
-0.03671939689308983,-0.08583288473545839
-0.06867134854391423,0.01961571856499248
-0.06598516054172841,0.0096536786631578
-0.033147502945863695,-0.03944693789923605
-0.05304469318057225,0.004344990380300414
-0.07986853701199577,-0.012564012762133434
-0.061432752452397855,-0.0352207565060428
-0.08114257521291414,-0.004311317528556541
-0.06485516693832727,-0.013897013785654283
-0.07765842108197489,-0.01511305939809479
-0.09410803450509199,0.08093376878560134
-0.05255869515261041,-0.013148466581241124
-0.07753045338715983,0.0035532293823613594
-0.08902493696170438,0.02772451884529427
-0.021829505283623426,-0.05795183590442314
-0.07721586729668584,0.03813574602075721
-0.06924687294445178,0.02819211561812308
-0.037360483188514794,-0.029622938005346117
-0.038194239163908864,-0.033956012432847835
-0.06624109639637246,0.018062223577565442
-0.020018439050601116,-0.08411508027190721
-0.055635223560209,-0.03749694846245345
-0.0622991694830254,-0.032134301204539445
-0.0225223185929068,0.07161558896256194
-0.06012818988331748,-0.052374539059721205
-0.058365137850438516,0.007785311722296054
-0.056310015362643163,-0.020950351476649403
-0.10136853447275061,0.03758144036301765
-0.08276412009183752,0.028717595801991312
-0.02033429566393193,-0.05224586163704133
-0.06468645167170149,0.017322935269748808
-0.0284711033890948,-0.03109744746448979
-0.004762895603456822,-0.05893329712347755
-0.0010727372571239058,-0.11160409665597551
-0.07947877674888057,0.03132794097046698
-0.006522982148656587,-0.0767726463655814
-0.07541820151943565,-0.020902081243798838
-0.04095810381599667,-0.07629486710206894
-0.05742917737256875,-0.016637959611866687
-0.04864808088443165,0.006263709006659248
-0.0359702816971838,-0.08102662322633772
-0.07433403326649606,0.017554865192721654
-0.06377457933563936,-0.041632705212655656
-0.04668233989597722,-0.05753006039898215
-0.06401442122650405,-0.0030398105178435844
0.005044302135518747,-0.027829633487999526
-0.08624527692670575,0.061045591038848386
-0.0030837098529347042,-0.10474231985659127
-0.01495037445394005,-0.09515297674407003
-0.014563853693341521,-0.08667040012184558
-0.023705638342344355,-0.05924774510938256
0.0028704584402148878,-0.09330384835594512
-0.07248530098097779,0.04083927106390305
-0.026184940575723573,-0.0488798180894514
-0.0760536387307769,0.0287792546134035
-0.06875065656356191,0.003114277165256014
-0.07292775484879213,0.00043466187111813274
-0.011103979091191167,-0.06784945749756717
-0.05741417210459189,-0.011677983160411735
-0.06825697409647871,0.019772702577605484
-0.04826602990902497,-0.0873414211645372
-0.09168735631304824,0.027154636762560153
-0.07072627507473574,0.01695976901134719
-0.08408341488807722,-0.002067136445015563
-0.06179587844070733,-0.01538296936494329
-0.048949976595076085,-0.018578609696977607
-0.07944776726059881,0.057225969948530894
-0.08174966428152236,0.028583466731294003
-0.08053604915678095,0.03960171825835909
-0.09723013222364578,0.036004499038488263
-0.07163136595496926,0.012801115286888215
-0.05142541564023603,-0.019306909276348663
-0.07667112427477074,0.023940132613875894
-0.08669546900225862,0.002756650567229449
-0.06560604886771952,-0.030475099800566594
-0.04771971216079165,-0.05870986818787674
-0.06440843279914846,-0.01581458401356955
-0.03361888246077702,-0.02703831529141809
-0.08010429846527266,0.026660353496411292
-0.07325207682031162,-0.006103510177229384
-0.007982001708205014,-0.05282422038649647
-0.008793895181399867,-0.06504281684042952
-0.07947655005270352,0.012603128830318104
-0.0318630100191726,-0.013737589744117571
-0.058829013882594136,0.008052957488984139
-0.08255902992049356,0.02398725087437071
-0.0059519427267162766,-0.06159262598619198
0.18198941775069583,0.005847119802080038
0.15247724037678112,0.029345227477793674
0.08963006471213802,0.10120889562177383
0.14586904166272624,-0.04833111582543958
0.038291740541194004,0.09067595300968323
0.0403637681265172,0.08073900049244676
0.060593921967266366,0.08905782621123032
0.1657129845874737,0.013517962748946415
0.14567985248106052,-0.04850246707919992
0.0712611875645451,0.03943210391009032
0.18532023307733764,0.004633222096361541
0.15271126548743727,-0.025714959447601722
0.1815732405507066,0.006565624616698631
0.09784527316294307,0.012583306066223689
0.022843743162712357,0.08265418941983414
0.17689165122423547,-0.03857383422462916
0.05060675792028876,0.08262114722365717
0.018494693137260248,0.10555258423487605
0.09857535061445354,0.01855116343941348
0.104724217841276,-0.02962370926495767
0.05224727068684217,0.09745121522214022
0.03486570839963932,0.09522833281157321
0.1921436511408185,0.008297955240951449
0.17112882325100431,-0.03752760439431808
0.025263337867534423,0.09088889830039454
0.04340619331620844,0.10807551226366485
0.06964045713989112,0.0813425308528907
0.16451282616026566,0.05461790443169755
0.1518772743245364,-0.0485558145056813
0.11385900184662125,0.038470166947985523
0.15075646082279998,0.034600611295796356
0.17634487266716284,0.012542908287762028
0.11782891102058131,0.06239881422904513
0.10581811595107046,-0.060767358731929885
0.0567520734534159,0.08645221530246386
0.1408977858312988,-0.03403782709440721
0.05914478615468713,0.08478446702017355
0.1807219843513006,0.006030861142853914
0.10298795797917354,0.003714230152126755
0.13925214096175176,-0.05128209731311862
0.027944773168174716,0.10820238366394426
0.10988745248573961,0.04519604661067254
0.14334986148167625,-0.04914104897241562
0.06360229127439979,0.08654512366861944
0.17424782953623813,0.003990476766443134
0.019470903795927294,0.1255802230663867
0.17329067273185422,-0.060790382119574965
0.15361935459939757,0.05553311597147582
0.17126015847444076,-0.031611221224161025
0.15230442242264272,-0.03517826093952783
0.15270722705245057,-0.03532755913696669
0.15314037007143697,-0.0280439279146367
0.15716839818220685,-0.034493178496167065
0.0722105037908194,0.04136722214953771
0.16736280303334197,0.04810854736716982
0.15373301610121035,-0.028581516824217463
0.16574105254202948,-0.0332523004774552
0.1535149597713228,0.01762766545588778
0.15108261619869848,0.036349983844579256
0.1377837811922061,-0.05046308955295752
0.03482898309350163,0.08786525846749185
0.04269751534264487,0.11501786487745078
0.15291520319267254,-0.03251002134529956
0.18694950202990473,-0.05265464570001488
0.15113456761636257,-0.03990344647412678
0.14330132717238225,0.05196803839899179
0.10972731213858758,0.031426812316997565
0.06595461538676962,0.11430543175132754
0.13095758119055914,-0.03184113516966121
0.18123692723163437,0.004112907424109986
0.09897702119884669,0.07852478270090185
0.18154337096958292,0.005050208708340192
0.1262797125442891,0.04331281888515512
0.1508768632485442,-0.03923896475228482
0.12710978175865703,0.02880273604466865
0.14956368288020291,-0.039811828040041866
0.10505140914559359,0.028514771975328458
0.02933799100871336,0.0925843449989021
0.026988875115168346,0.12557734920063157
0.17332556726721415,-0.03038480677414351
0.18542504699938667,-0.031491148229990475
0.0713751981145378,0.06120603332068563
0.06902292481990581,0.096217950120665
0.047147718407895334,0.07626098917156546
0.053446036867476586,0.08640458147829558
0.15061012273504826,-0.03816954230982317
0.12562355142816806,0.03336698992049283
0.03391590573015568,0.12958194435117043
0.10573210288768793,-0.04329787762376699
0.06911005598212239,0.04029981466074932
0.17223459850168896,0.0041753216931279665
0.05793696759362726,0.02128619409561905
0.15819397655614628,0.03127821421885912
0.19279813616757727,-0.023803350277311907
0.18894428073860375,0.005591427251450033
0.15341000407002475,-0.03216478637354437
0.18540667933125335,0.0037304875866888965
0.12641463823301843,0.053847975862799394
0.1496646222920828,0.023815177503639116
0.08521861569409542,0.026008261893519898
0.17039126938596405,-0.021671863303321316
0.15822477969360627,-0.00426572010129377
0.0614405286447532,0.040676892140891374
0.1059791858900885,0.02001744750051793
0.038995965434454244,0.07021124950283598
0.15347594542005097,-0.028487990394917444
0.16333269731320757,-0.03369169513348028
0.0981307624865815,0.05645258341346087
0.03404393449750771,0.11003958929539778
0.04445186305574998,0.082211139949092
0.1516378049576836,-0.03511545851166725
0.1431037762798091,-0.04844371210916914
0.016747316675094315,0.10934348267171268
0.09152372658630577,-0.03754213447920538
0.1843111999786166,0.0045935793916083495
0.14020837350758583,-0.009447512824096773
0.18173289041676208,-0.014581063233661203
0.15288948115378376,-0.030484007066459377
0.1304939080035406,-0.043298515267828894
0.06693506760732464,0.09233202811538342
0.14718781987440965,-0.04521571780272441
0.07656496846128985,0.07343160173766387
0.1391555420566645,-0.04498979808642586
0.020725431716441135,0.08490442519053717
0.036379711941802166,0.10554360117428552
0.10377221651688909,-0.018889228408234676
0.13851085516333428,0.023457070988530792
0.04881476761323734,0.10826946391149932
0.1523512413833413,-0.03511098013069203
0.15268801970748047,-0.03436698360664876
0.1713167457908279,-0.03876387232619141
0.04788270863774786,0.08092509672176405
0.16238657130312276,-0.012609083499039006
0.10001520893970098,0.006601237066040626
0.07517552420067182,0.04035972760678568
0.02823193794499768,0.09692850793841798
0.11380516994533692,0.0325692905760457
0.14966060426146727,-0.03953769598889309
0.10396586502823947,0.08077500956228154
0.056850516813233984,0.11273030969912284
0.031187555055333528,0.10035402934467014
0.16844117434643396,0.00542259621047896
0.05445230042456724,0.0752274820016685
0.11310205901572717,0.05808572722972656
0.1446899575011992,0.024273570983015625
0.026377511835162737,0.0797290883909481
0.08143879016296399,0.06656637231473302
0.15050755182059167,-0.03871967418211224
0.13215408879743493,0.058816056853953545
0.03241961070263806,0.12030321776580842
0.15221073882808991,-0.031161407516798634
0.15928802551278626,-0.03792980045838079
0.07520735340298901,0.10533198674235213
0.11764257722128649,-0.007790411653060208
0.15118691222869388,-0.04063990785376953
0.13006131071973787,0.021927637866436728
0.10802917904630824,0.046876057534836146
0.031359523738123715,0.08451583375263587
0.061628533238710134,0.11033230500945362
0.13659410474189515,-0.06730491708362095
0.1585307303416963,0.0410031611883211
0.18061101516491773,0.008290683577837316
0.17282076559859608,0.02590238399266859
0.1640347402049248,-0.020846054380018245
0.15937584564008703,0.03173881291539886
0.17387411875869074,-0.011264503877431109
0.06114932481878089,0.08719928159502217
0.1361436289286728,-0.05048513881766792
0.04428742442518606,0.08770867183735201
0.026399437497479288,0.09502166036350215
0.11671900906814595,-0.055067003820364516
0.15033235433735603,-0.03925043842789449
0.14713045218981335,-0.04309647671610018
0.04024973650031949,0.09677262741521282
0.14630257536324504,-0.03796442781439645
0.043687594949789625,0.07248452057880705
0.03989705847520371,0.09030659581492556
0.12957179392713497,0.03594170370844116
0.10949299564859184,0.04130527128411149
0.04648684350094621,0.10131831558763432
0.154059929960251,0.048640971393023834
0.1691300456531524,-0.019429165156029632
0.09563637757585894,0.07149234524961376
0.16898156506051498,0.013814038509896067
0.15480525552938096,-0.02664863317022214
0.16545114236931438,-0.01692124570450868
0.04229067285837693,0.07736808722792497
0.01653559503673669,0.11754486185772153
0.043560240502803944,0.10325304560920344
0.028338115298739943,0.09614639396847788
0.056759816517281,0.08446683122698276
0.15622949626297297,0.048073350347043985
0.15192674464684577,-0.03688712687525367
0.14900042501498448,0.032809823115145485
0.17188490700795733,0.0033245764854136664
0.02260132673874304,0.12180099401993531
0.127601100457679,-0.06970621875120817
0.14933256836761455,-0.037874995796807844
0.03100031347296644,0.07393215146060664
0.17063563792915346,0.003864620641495028
0.01772438160691074,0.10549783069975364
0.08869092183624705,-0.00614800064029661
0.04734741948390002,0.111817608428456
0.18527723172892885,0.005831638781989023
0.1108026433353242,-0.03733584573913643
0.12130848366332654,-0.0003593960023050265
0.16392587433071687,-0.005572042901354291
0.04157640275691063,0.0967516075797751
0.17393814298608873,-0.027577746630782173
0.1933770366157928,-0.003799693727658272
0.14459556986166672,-0.048211453444213195
0.022856208245601906,0.1273517579651802
0.15175757715954366,-0.034970398200689874
0.16265565033025686,0.001994749325118867
0.06917614313933547,-0.033524611810308746
0.08711159383989665,0.069897813560056
0.18793278007251335,-0.052429621291587625
0.14983515403496872,-0.03290669836315235
0.12938668742086248,-0.006456228384222785
0.13697107669744263,-0.07441226400684947
0.046512875944007354,0.03221896391841523
0.1387771931463492,-0.03806462104327197
0.15399957305490336,-0.02859423589076417
0.1626354873182116,-0.03398717087485228
0.09029846874604507,0.07423076873172973
0.030619067847405847,0.0920327965510972
0.1499845140580006,0.061013373357973286
0.17855979532900618,0.009883228238467833
0.10023566911397627,0.07080608473032729
0.16259364418742533,-0.0071052624430054225
0.19262448808037103,-0.02538283386481389
0.1774974640545973,-0.019162108148929963
0.15050258884591763,-0.04013792106442083
0.13276854884984507,0.01676752176818794
0.044163819497929656,0.09783691537083138
0.11121065569638197,0.07155549897868083
0.019812474743306212,0.11500881685920761
0.11873144207891737,0.05984033779966326
0.15262214739277086,-0.03526440104143899
0.18572214352652225,0.013987706399932144
0.18691904092718636,0.005587774440018221
0.13513210307895995,-0.05137934080837035
0.12106376586124913,-0.07186695241579821
0.108186775614708,-0.005033670661497188
0.06582196095162605,0.030424516173608987
0.16276419893540534,0.03171234379450092
0.15064633852962628,-0.03753895646502975
0.04025225637839286,0.09238863288346287
0.13947432347161948,0.0725959690797515
0.1504469866737025,-0.04176272556037446
0.14651557204024043,0.02277035285737402
0.16986936820777185,0.0037597054067790565
0.04181686358304638,0.09818116794005645
0.1924192737055335,-0.02631449383055421
0.17246753166617768,-0.06441532521057536
0.11352380233343771,0.06294416513210013
0.18431926268935844,0.0058645508020686455
0.1231133276939447,0.06971809107010998
0.030102983625955405,0.10995323891915662
0.0787567893871321,0.06548298301112433
0.033472449449724356,0.09563794987532838
0.15929602417693428,-0.02000998266565878
0.039382256444413434,0.09638131753575478
0.18409231866463863,-0.0333958312932793
0.07599653930431671,0.03385475627919398
0.15049692379519525,0.03302681114700217
0.18890983326477412,0.006506284672402576
0.15163994857070762,-0.03511007452099855
0.14360065086606166,-0.04862495179680816
0.0443966576673046,0.08796057559953288
0.012437518494568544,0.09221650268071616
0.020376351446546783,0.12667886974125037
0.12986164892398255,0.028072424261688305
0.008782428258133329,0.12275516811272613
0.026186727968584185,0.07420386947909567
0.13028472632921823,0.05886104589472572
0.04660806025964622,0.11619108352262912
0.16505225800150666,-0.03346719936704925
0.15183098230716335,0.025545939273343688
0.049360937359333584,0.0905806222534764
0.17871490408555948,-0.03567263219492359
0.028190406677401938,0.08998587500250764
0.05825163446227245,-0.01880045658604233
0.03237443798184234,0.10056401020057647
0.0885593436131033,0.06873845378957849
0.0324755444958454,0.10546963985865158
0.16986079074025573,-0.019101251736513898
0.11851412978534186,-0.02362239096520586
0.058141317540911175,-0.022059302247639728
0.020565517239070175,0.10682209872018633
0.11914991344466402,0.07090803060692154
0.10085266798843687,0.048043323552988564
0.035722665361996975,0.05198021768920541
0.1516446264783221,-0.03582712877129028
0.16184277443718367,-0.017665413412049746
0.03905344799880933,0.10138247440677488
0.1452344712753572,-0.023739009798090085
0.06501342065730863,0.09877847092526598
0.1730982183552841,-0.017121091662217598
0.12655431511689197,-0.07109216215176918
0.0439298384157571,0.12800944239143597
0.1253686682077186,0.031882588737662323
0.1525935414604826,-0.0355843698286617
0.17248807854519685,-0.01843116642042234
0.14202951538889824,-0.04935507290481418
0.048548399205651876,0.11098755076009935
0.05465661774475075,0.011449883526962815
0.1316663097941043,0.03781515779177481
0.16434763082042866,-0.017893644771524785
0.029255869676673922,0.11549045198206574
0.07237837830141942,0.07357564625112561
0.17296222206722525,-0.016190424555666764
0.17290148436192945,-0.036167898671488154
0.15156582447999878,-0.035412242484868454
0.12107153481355687,0.08844046744874655
0.0735545590034862,0.04708127928547643
0.18475152741994427,0.003906244471139023
0.1364927843641458,0.031795409547396784
0.00044435209586215764,0.068810862702764
0.017727036112020703,0.07994185884295774
0.14296456843257074,-0.048879015218928075
0.030686247124389082,0.11943015134650543
0.14816113038707152,0.028393917968901818
0.18712257701838098,0.0077351804561546994
0.13769207497828503,-0.05004177649590004
0.031002131131425078,0.07235636556565611
0.1596741867823504,-0.018514575312389713
0.1405412797297187,-0.01609416315275636
0.17168463241283657,-0.05834957596339655
0.16670701709217162,0.010183483547580448
0.054963513364588844,0.11745460392769808
0.15279394615791012,0.033430651105703
0.19321567339035367,0.008230536260913291
0.18259720886079786,0.008168815285219812
0.16972037546117547,-0.01994055329546648
0.14395234005671795,0.028266085912865713
0.046001386804879515,0.08593770956539734
0.12234443307129123,0.016380476053950526
0.17463833365222584,-0.02964407311533061
0.17242536413409737,-0.03112458245991157
0.15040088680256872,0.04888167295325865
0.020381676881287943,0.09710809751363075
0.01994783177437096,0.10973306436505997
0.12857243288608874,0.05676762757997092
0.10568606266290814,0.03110668359150857
0.15212504912140787,-0.03624969646741328
0.1660678953011294,0.010070067476315333
0.1525725476965755,-0.036639983064732866
0.056415615106875774,0.0936633070126226
0.18647480782450812,0.007546022185531914
0.14299707497911862,0.0014237252682644324
0.04826661775484912,-0.007194558580405817
0.010850102094028508,0.12031986614959425
0.09139144083867096,0.06377541516478175
0.1478631189678682,0.043887151240489836
0.14850493575941767,-0.04163773220746254
0.1085590966945752,0.006240431639046173
0.05928817975627555,0.08645352817117136
0.15748849202680357,0.04857818388480968
0.17431169072866753,-0.02347788435683319
0.09676434567869957,0.04680207199894428
0.05446947759703846,0.03832240983977795
0.05174108639531956,0.09631067058241251
0.16992751757109462,-0.050067542881556085
0.019207111298106237,0.09838091233390384
0.056345120092345415,0.10365513853878369
0.15104439650879373,-0.041292667031868624
0.1338149277777858,-0.003806732065178036
0.18102949171239013,0.005809633810015198
0.11726994054525076,0.041139978085002436
0.12715004392046506,-0.046456699688639816
0.021251692127647062,0.11437099782518186
0.0862074213055809,0.07405486558573833
0.1326320207633259,0.022947174125955584
0.14952070373649848,-0.03941073466806776
0.10308504464179909,-0.05587394557706581
0.03549105918786704,0.09081423268368573
0.11040004811392766,0.05020967615315996
0.17123441685413737,-0.057273439133831296
0.09082281503433777,0.07496698625555043
0.09028226809619651,0.0824273006070155
0.05807885778609987,0.09874251958464521
0.08485751675610793,0.005701682190088338
0.18417267339819704,0.0036935322616399023
0.12255644323460686,0.06983241862842351
0.18233280627480608,0.005884838668339076
0.10958101914936184,0.06937600524559485
0.03560965755519262,0.09716382828817735
0.10119746566174226,0.07604439786040056
0.14237406433274125,-0.056047640890119876
0.08159688422025814,0.018122247115211803
0.1520980070988747,-0.03581221572195952
0.14277520820616407,0.03512948915634666
0.0969920622243291,0.031781110204614806
0.10313527050086267,0.0010340014962300712
0.0863575782279682,0.07240250157289578
0.0313742392227801,0.10212276731897822
0.17249157515895808,-0.018479420633044287
0.14159721443622364,-0.04894111261985233
0.04632905297255749,0.08218970746370736
0.13981701068518093,-0.055452555286841024
0.03963488181097656,0.10660080388159493
0.1647788078242133,-0.0336550627460531
0.15726305012535752,0.027784513915345973
0.139861080729235,-0.0424557884493821
0.14869578119043217,-0.04408157740030905
0.07852901453032363,-0.0218658348716534
0.15343017098445885,-0.0319965301078311
0.17535954982959057,-0.007539613979282822
0.14968651915711978,-0.039234037776913755
0.10415890474126864,-0.035597126109855784
-0.07703451789657534,0.09676858351031753
0.043161464258465565,0.11076431427035026
0.18093229326896382,0.006158919721558539
0.10059902768119908,0.004139986644011318
0.11478890680612651,0.030407455817955693
0.09197165804541528,0.07313353311240015
0.03400280264013407,0.09589253411111089
0.1420110408826659,0.03263053695576578
0.15230442242264208,-0.035178260939528104
0.15251683069265182,-0.035170431488647326
0.1531379502651256,-0.034297332630355795
0.16969107054027846,-0.00923264976874996
0.1926305699162701,0.00805500091439909
0.16442674644368518,-0.005322231836100491
0.04328910489046807,0.09914767920761383
0.18006653062811998,0.007700151560033703
0.18950665366862723,0.005030215167721959
0.15255378525527702,-0.028652527293161117
0.17756086851237854,0.004592346019845203
0.06535911367849599,0.08842043411862835
0.17693469235032724,0.012294133554050594
0.14321000350426422,0.02621502989888095
0.010662998967076218,0.11803243172313711
0.057503770861863195,0.07304498088576229
0.09922087293871074,0.08291484388134268
0.1525691453985618,-0.03378169912324357
0.13722680790410036,-0.004644059081161342
0.12968132453805312,0.019438100346558896
0.16393356018947683,-0.059589043349744956
0.030111833262369995,0.08500453273278631
0.07229073917504471,0.07756103102186702
0.18449087127898434,0.004654974588208267
0.11788340879548423,-0.044389252890159235
0.14695015677119638,-0.007182932427389007
0.02506961596536815,0.09410130183515919
0.004955312767016294,0.12325981059226422
0.12904706369747979,0.05303516003612368
0.08784652284441832,0.06424458291258928
0.10481441103584045,-0.042703105250951
0.08019451621399015,0.05107397087426153
0.13378316357363015,-0.024705333483097506
0.18952873996714145,0.007971951248761069
0.17679412123570656,-0.03991519048499565
0.034057889797828166,0.1198058052518019
0.16580030411956667,-0.03311897587439271
0.1262361279808907,0.0107628910336351
0.04615927553044018,0.0799514052622262
0.14051472422591124,0.037999144580480364
0.020620982052084954,0.10385534790452303
0.10020800456822451,-0.005663663224682483
0.1518695516361964,-0.03699019750887325
0.03151408292937564,0.09572025834343778
0.11414504488064352,-0.08123968991027293
0.03791833689826239,0.10986000453483898
0.1208161386076495,0.056383771263321
0.12425629115282111,-0.00451047752623196
0.11595317730042135,-0.024473550707781823
0.12467446243889078,-0.04153087094003035
0.037307450298862704,0.07118730335492739
0.12996568256003826,-0.008509767894473119
0.07726930143175766,0.0655205532892789
0.02901640063519591,0.10951894698807293
0.046875994971586,0.06721159181100643
0.1496634400181136,0.03914319437987536
