-0.08342660144555224,0.08606423499721276
-0.061579425376825786,0.02690755667717533
-0.08190268837394857,0.05750060006420921
-0.059281019720291886,0.038179803626296284
-0.060275317062513364,0.02219189615036105
0.005276588702943466,-0.042315726810710545
-0.07349855623420605,0.029300451723023757
-0.05907582807019458,0.02330338239922357
-0.08183450588888332,0.03671329322716616
-0.06584086454282458,0.029514173018023344
-0.004142507572996762,-0.04097327732633875
0.01711288381564189,-0.0660365634174578
-0.062322956498136024,0.017659029287851825
-0.07774766226072428,0.05281516376336403
-0.05556403127649172,0.01945905766394339
-0.07049213726235738,0.04282519866628364
-0.03062197870739759,-0.020093188225870067
-0.034359259818166704,-0.009169781308712112
-0.05743815039477294,0.013718013161034884
-0.05436359066469071,0.016305076355833448
-0.04982363364152427,0.010553783863112218
-0.06182323726968739,0.01671983274831979
0.019176934956882833,-0.04574276838503221
-0.0748613164420137,0.03344863030565956
-0.060170272206400054,0.012788648560950622
0.02510617007287857,-0.06989405149717498
-0.010034348258314922,-0.04293861062901596
-0.02277580823603152,-0.023145241841050494
-0.04613266053375488,0.0006226871641725305
0.01269534937091056,-0.05196293953870284
-0.06535498118197754,0.04610232679776962
0.014843083719567097,-0.04413971396051701
-0.07621796850038473,0.04906505086382242
-0.0686822041862301,0.03536497435794752
-0.05134189316166078,0.015711276877250074
-0.006036882782204808,-0.022182041137196802
-0.06549885958518302,0.037416511547466204
-0.049137404220705,0.019446206510981622
-0.06556153513042656,0.03392246065797184
-0.0548454617721982,0.015648786129201796
-0.01962563975632313,-0.020986876708701065
-0.043446005626440375,-1.6322120080490277e-05
-0.06519090149875989,0.03812867867827466
-0.06838507176821595,0.028521764479179933
-0.04260077112735618,0.00773896474378724
-0.053229552990821966,0.01920553101383429
-0.07283577836405679,0.051863555066074506
-0.05591717285956408,0.025164101783051004
-0.06733251165983303,0.042816316785039145
-0.059410656653652465,0.03784307546322322
-0.005626750348165027,-0.036427088133980684
-0.06640211515310793,0.03319617858192313
-0.0618411516314997,0.03763913991711953
-0.07756999751662245,0.054054842092488724
-0.06321605224500662,0.0244193257056355
-0.06594339038054874,0.031568289903875606
-0.0660425852457646,0.038232631713951845
0.0019798875611417746,-0.04853984601033451
-0.014618205428520614,-0.004852647033718767
-0.07470469066958825,0.04267571066745413
-0.020375851915353467,0.025449173621834745
-0.06837829309948283,0.03633689368076188
-0.04941496402354704,0.01857478344425747
-0.03535212883662291,0.005048116520500504
-0.058591754401876035,0.017548878726656395
-0.05450546224643118,0.018040905544115353
-0.027903459116629895,0.0036379701029963575
0.018295860299263392,-0.053806535207680334
-0.06816409164661202,0.03968950366964995
-0.05694775433253939,0.021612380902540387
-0.03265042813443349,0.001877319542724876
-0.05887592377502194,0.03160805039015015
-0.06496917041803972,0.03763373673046275
-0.033442760099026615,-0.013627843370968317
-0.05808615225542522,0.02421414452750041
-0.0705364927576731,0.041836853876182446
-0.07531384030759446,0.06215469335843511
-0.05980128848934178,0.010679464288536474
-0.03602370167494863,-0.0067638361120208506
-0.0609980478123179,0.026377031643004693
-0.07598194939672015,0.057909020840160946
-0.06108927099381257,0.031760764611272224
-0.05867463384914076,0.023535944287498393
-0.034130484531857457,0.0004968622683108484
-0.03899706965590671,-0.00658661015340356
-0.036566330316146714,-0.0036705939469463393
-0.008030139948547767,-0.03263919406876427
-0.06858260477676546,0.03842870505763132
-0.028370310731772822,-0.007623498918061622
-0.058969377810659,0.02748471360974164
-0.07098184883503061,0.04176430468721054
-0.06374106252135885,0.03399871472802645
-0.035758644995909396,0.00044103919332262554
-0.027810238124626425,-0.00711135407223871
-0.07355513061404208,0.051902081711969104
0.009323851404591538,-0.032401501053334274
-0.06444014665066287,0.025649526967737542
-0.06326437708877825,0.02338093998163512
-0.006923162943155097,-0.026789936998287002
-0.04813030132591806,0.019896086354636782
-0.07799270709176598,0.0694947845810291
-0.06714788910262137,0.04693508357566143
-0.07054375366941842,0.01778725720365758
-0.06802023615538509,0.022718083336133642
-0.0392120502910549,-0.002475819622169862
-0.04350919150504102,0.0113358560105262
-0.05780130772400407,0.023904981965156284
-0.04801508194070619,0.015388885459559201
-0.047918756190043654,0.01159331380234751
-0.052172108971032444,0.0028002080354284503
-0.06602386145406937,0.023024454447771563
-0.07597350100825197,0.030073136909074788
-0.07644656782688639,0.006617951308828131
-0.06783797655956338,0.03725956639469552
-0.06474464768155774,0.03696845686230936
-0.08639161857122843,0.06145588219210078
-0.0432377681685374,0.011891142653175374
-0.03733960839568338,-0.008245267243226044
-0.06164109933725392,0.030665843435121066
-0.03483581995990499,0.006986399860646114
-0.0634206702849007,0.037452054227203165
-0.039855702320480316,0.014090777092584265
-0.0739367658475237,0.03511370790145522
0.01497873100434099,-0.02754303977243522
-0.08220861369886415,0.0372472686815795
-0.01984421253447462,-0.016007831847753857
-0.05104812469899407,0.01766230035561834
-0.03020276004971224,-0.012721820512969982
-0.08085597507392733,0.05404805990004542
0.006700743474254661,-0.02708548460822913
-0.03819696206266479,0.0043665187355802
0.0023292175713233326,-0.04610779767921556
-0.06957322902804833,0.02603109067129233
-0.04846366022371867,0.0019481800676377722
-0.0493601665491476,-0.0013597226790248353
-0.025648639195525163,-0.007348417849589411
-0.060974591369418914,0.01356341447779217
-0.035414044558875805,-0.009507107118987165
-0.07561303125416526,0.0346083785819044
-0.07571527573867982,0.04245773330733117
-0.02861431831822195,-0.014228980520550797
-0.0752266399974931,0.048964511279400935
-0.005290945516460179,-0.056257577760776625
-0.07007303800500686,0.037345595411264976
-0.05435619984632009,0.012713103216005245
-0.023323994634274297,-0.036982499664637694
-0.07523665780297438,0.0405653724383907
-0.048194101621339656,0.02060248555311609
-0.06952585502749041,0.025436413157089204
-0.06097155505434738,0.02773261183784784
-0.048469465512734886,0.010827293930327686
-0.013982871823632424,-0.03497878482168024
-0.028496025078109187,-0.02019670995759505
-0.06648501963950872,0.03447119320454115
-0.06728165850886471,0.030510935296805645
-0.07769060362083251,0.050158800291103006
-0.032702672650356195,-0.01299812277751134
0.008069693293396608,-0.05532154444793724
-0.05031037945363686,0.013885554807109757
-0.06076405600374949,0.030147060267983788
-0.06307757532022168,0.019434518440859888
-0.05563335485279827,0.014151638725783658
-0.07172426532776076,0.03739026784095996
0.02122131792805381,-0.04977714564255711
0.0074408775909298895,-0.034267838780397186
-0.06381615107324122,0.030468294930951535
-0.03769477170437836,-0.0013630456357080884
-0.0758112372247977,0.05213569274477812
-0.07720109232015697,0.03751157787519266
-0.036894962659134674,0.0018598713042761877
0.0026019958668865653,-0.030036689358519508
-0.05574564141682788,0.009320238196767876
-0.019517722705251015,-0.015493822084885879
-0.04052249605769386,0.008023468650054147
-0.050434260878186137,0.015931215937377896
0.014012515837297701,-0.028867421919451
-0.0339721975117139,0.0036820244260529406
-0.08049337673207597,0.0542535091172871
-0.07131986406856067,0.03460871287561715
0.0040079224848168175,-0.05025998519145826
0.003329685783954613,-0.0028529952156455623
-0.054255680555336035,0.017835426802503277
-0.06796413873259993,0.03550924937997802
-0.05698942904341761,0.025190519778792667
-0.05062310331197568,0.010469527019291503
-0.06858575325291981,0.03215132545830862
-0.03820982985359425,0.0064628322437048705
-0.06827080499354075,0.03609579824680482
-0.061980238043998,0.03211166815928627
-0.07076572269040025,0.03424001969330623
0.0005632867987218495,-0.0075241199581340835
-0.04915636337078473,0.011159011173023937
-0.06294925128239462,0.027588606987491146
-0.024158385470528603,0.02108665755984561
-0.04800097090636126,0.014762366108778785
-0.0422550503460369,0.016838457040068096
0.016459998620480493,-0.04256819116397441
-0.01189285669049009,-0.00102536030798584
-0.05711736935212615,0.019360911675856272
-0.05597520247936356,0.007264164872128859
0.020632969129875063,-0.06301802019897454
-0.06575166008691795,0.03338583422291375
0.0274156225827454,-0.06699654364448142
-0.08148705817371618,0.05193473951886428
-0.009555040497740832,-0.032174165789507256
-0.01783241561671678,-0.005628622022101939
-0.07538067306217343,0.049269709856411624
0.019582854619356785,-0.04009352780762608
-0.07274811279814587,0.045166189904688576
0.011773494844436436,-0.050868658888680064
-0.05458400598131742,0.01761451758652551
0.008303726039777942,-0.024067023230562173
-0.05829658933161596,0.029960099825034787
-0.06772211352888459,0.035376421117315114
0.010027380874405566,-0.04026659900256723
0.00898805224309086,-0.05002283893687099
-0.009636378716305577,-0.015514752271815757
-0.07493567406158365,0.05419227374933735
-0.07018524604480184,0.037643571865679584
-0.07188769199124931,0.03283779873065128
-0.01728345721104946,-0.02645756932176578
-0.0026209245708397584,-0.0068830440178882
-0.046851168779987996,0.009626294568537277
-0.039379681174706076,0.00014841005185420054
-0.03806957591829157,-0.005950066075788778
-0.0568997148681291,0.01649743773853911
-0.012151272728584954,-0.01962231640350334
-0.06955979842528029,0.034429157855830395
-0.025551780880035083,7.252952015183325e-05
-0.08049986012228268,0.04348745969416793
0.022966342751760665,-0.03878578376692821
-0.050900285422820955,0.023482153595739144
-0.07994304518933056,0.046353734647211896
-0.029776341403270037,-0.005390832618336152
-0.06451403232075043,0.030937021261830754
-0.06619711187803615,0.034996775713275766
-0.07301387816517255,0.03585933309489364
-0.06553716098997382,0.027744564615454548
-0.050299102823741476,0.013612384646315676
-0.050321564630508756,0.009078737578231572
-0.04655042466089387,0.007865916471391385
-0.015305388051700898,-0.02240597128236886
-0.060318675542278544,0.03138582133550106
-0.05961149857965411,0.03418564003775699
-0.0763515627511181,0.04195524046506106
-0.030233103047292844,-0.0124973926422549
-0.03816468968890609,0.008264006935218532
0.015400770458930037,-0.038681681916368914
-0.06920704116449601,0.032417406287351125
-0.07219834711604675,0.036379952655796396
-0.05541778154119455,0.023103672753311523
-0.07999233829031081,0.04547913831868792
-0.0502976088708659,0.013477796442728254
-0.06491427308416327,0.03326474067533218
-0.06520484900719702,0.0344030657489664
-0.05752230349406154,0.020200710815957038
-0.03680844916057743,0.002511416367862689
-0.07884676713511483,0.04969332759933665
-0.06860672765158739,0.03323175099881584
-0.05645761720966558,0.020901136190646485
-0.05927539708574366,0.020189830692452265
-0.07503304390741491,0.04641972950201636
-0.046310288586446896,-0.007196708919462131
-0.06128549734384886,0.026783333254840024
0.0021948437624821375,-0.03908691004022892
-0.07557037256810101,0.02657443763389925
-0.001597945139486913,-0.020544211938227017
-0.057692351716098614,0.019906700963877363
-0.07839307234992704,0.026245003784109395
-0.04158516269745661,-0.0010838421517670698
-0.010084375549021666,-0.029048392935385685
-0.0154654735288393,-0.027005681082259023
-0.07493185492763582,0.0507602526926735
-0.05724255443995295,0.013735624516026942
-0.026155315445881018,-0.018281119837657178
-0.04073564047191177,-0.014115033577771368
0.0056186597792041194,-0.039185713287347546
-0.02380428071807583,-0.009172174875647964
-0.05181149061111824,0.009436552982747908
-0.01557910233234336,-0.026966097926256316
-0.0033525937877090495,-0.041702289786274174
-0.03685177265153429,-0.014716555567775833
0.0064056510448412705,-0.027558998402158873
-0.045162914578918,-0.005479078065875182
-0.06903869664176611,0.02199112163110098
0.017476516970087695,-0.03892212369239366
-0.07125927314141542,0.02778131161863685
-0.0353956372809877,-0.005600354472422647
-0.0619812440498694,0.022958306661373183
0.023156145852786157,-0.04047654320730166
-0.05912263095240632,0.027424592270649216
-0.013587487523717946,-0.009637848783522349
-0.012088134817502039,-0.03603634984092642
-0.03586549871598933,-0.022278941520125405
-0.048605705643441424,0.006479128139513474
-0.0071461160295048795,-0.044583610525036683
-0.06576553075908359,0.039859162484021875
-0.03393070351677733,-0.024664896289125767
-0.04818309084496258,-0.0007897694575665366
0.012199995402226077,-0.03790443195161686
-0.06636222050571249,0.03725931123084687
-0.07032383748720336,0.026165633151161393
-0.028023202823925383,-0.013446463231008888
-0.04667825254758601,0.009126413732305824
-0.05498738602107392,0.007110510962728212
-0.0014065907066328851,-0.020876705858811177
-0.057658191902103084,0.023449080852143273
-0.06934842777686095,0.029836225425817094
-0.052645619540337564,0.01785266612653963
-0.07457210854506921,0.044087629389290284
-0.05918414165170419,0.020909199958438037
-0.05866668406934242,0.016964921395151374
0.004137411849298749,-0.058915458600390075
-0.009872756921637587,-0.043816744956014085
-0.048243945120349914,0.0029193153312392075
-6.799667553733524e-05,-0.02893824679514141
0.0036142274572507674,-0.03590800206521446
0.0033908799792261865,-0.039105187092329866
-0.005459100288818587,-0.02049026350824726
-0.04275857384144875,0.010557495229453545
-0.006119892908852227,-0.009375451916980386
-0.07306933566922892,0.03458363596155217
-0.016625634903156817,-0.03010038435792211
-0.006140431527032916,-0.03746718999849425
-0.02742334262670257,-0.012049785451559263
-0.07498769934981489,0.037284583476471435
-0.03854616401551901,-0.007761157521054106
-0.015207481441943994,-0.02688121114234438
-0.027080113742942925,-0.012386772687661434
-0.057825274864224445,0.012556009022320857
-0.06265826533694026,0.038893393347115335
-0.07312733218863139,0.041987009522815595
-0.031051555640639928,0.0011997138388243462
-0.05593098038671444,0.011466312547712224
-0.05584679348738133,0.021407561266074036
-0.06342918299670655,0.023305649303327514
-0.07286408920322339,0.03325801936061012
-0.058483495164626274,0.01790701806596775
-0.05974534922640208,0.026075999933682113
-0.014993844275227802,-0.022628590605412047
-0.04417524476124345,0.008918553058545964
-0.02742672860091001,-0.014418898074155669
0.0002618630573594058,-0.03974027024753515
0.002053903345662382,-0.04407845742126331
0.008211301892811457,-0.02849442063713104
-0.06540076446506372,0.03202949321672862
-0.045207921896887236,0.0032152588999114985
-0.06599905357267782,0.025589326718221787
-0.0559215812947226,0.02344583292474206
-0.078832312563704,0.047858680775973446
-0.027212951720330246,-0.028717138045224664
-0.06888217054849997,0.036572694643135756
-0.05639794325122483,0.015326113609873746
-0.01600560248509824,-0.016676768419806188
-0.05626005096669954,0.024287464241496
-0.08119312398098687,0.03964142613293772
-0.07031223224598553,0.04706195180847025
-0.05212384558928062,0.015553624836959493
-0.049752140595603137,0.013699949046244091
-0.01580087100853324,-0.03633290590507959
-0.06518656448862953,0.029708155583246902
-0.046822285383693166,0.009907058113704235
-0.05778110820841102,0.02054005121304822
-0.034090633220496595,0.008090375368978704
-0.06373714352138117,0.02904781729493705
-0.025360865072241,-0.014212448824238685
-0.07642425135713506,0.04725834859730165
-0.07352726628393948,0.04577799823103202
-0.0684604709655881,0.030276486377977082
-0.0610048986000536,0.029588293104827093
-0.0748318335342336,0.05015930057049392
-0.028309961847660048,-0.0073563711915561585
-0.07358708120233427,0.0388148605892384
0.0023402555544854127,-0.04238805836875071
-0.05086061779754934,0.010165860830269506
-0.03785760224571114,0.011463576588734328
-0.01931254545453942,0.002884420739881096
-0.009550200948883196,-0.03821922075341877
-0.007312921317543689,-0.043336106928202126
-0.018124825070431304,-0.025560536143267493
-0.06301359235705556,0.026990569667060916
-0.06276629407900945,0.02955824327181349
-0.022886633900320207,-0.007264953766046014
-0.0401253774691478,0.005636486010140314
0.004837247312683556,-0.025911660797465066
-0.010365105432177845,-0.018704829128041726
-0.06466825114240818,0.03238687861082839
-0.07354809534625731,0.03434439132569697
0.000978015340568133,-0.021825126213923397
-0.05636305117992749,0.017255925126686195
-0.009107387110763457,-0.0404111171915637
-0.06651095137146751,0.031169649614138727
-0.011688270316454514,-0.02268683894854093
-0.02873992756641091,0.00014374463101956712
-0.037244831120937405,0.011105394214237781
-0.036566821845792345,0.007177847854789052
-0.0025170625730098427,-0.014711784779653486
-0.04606432939479257,0.005554048935422355
-0.03624894869608997,-0.010963848385597953
-0.07068721002781694,0.04499672347071759
-0.07489964427685503,0.04293851005282667
-0.06337126766392005,0.023913049439589638
-0.043366850858558716,0.005971987091980598
-0.06401560075653476,0.026214565927433875
-0.058034232849796724,0.02144757147375434
-0.052392969072350186,0.013829463835850627
-0.06691257888531654,0.03435078788477743
-0.06423082463793525,0.01871731436716618
-0.04138201275281282,0.004096274896449868
-0.05876143025807602,0.019705141117404172
-0.04981729961103248,0.012816710796887417
-0.030919028878562016,0.0014894510981653373
-0.0660168670231129,0.026307651752846925
-0.05366573316386068,0.015759723696986187
-0.06227690645927925,0.03053370680142663
0.008115595497068837,-0.04585096672951998
-0.06255510100471329,0.03447713368272898
0.0073371683889670025,-0.03657996819885665
0.015201538212014034,-0.0402853370889017
-0.044742349262485166,0.013003555080128171
-0.03713085824730693,-0.0007441858049193304
-0.02132843118494162,-0.020887071209113643
-0.04667782727580667,0.012736339961924992
-0.055246111263357864,0.033136658268312545
-0.07571876780661724,0.05752027575399992
-0.009340227166707602,-0.035836361657276404
-0.031162778302989018,0.006984976678813616
-0.02966740102351349,-0.005106207274580844
-0.07875184911495187,0.03860709685226075
-0.03796176856961297,0.01730259165520362
-0.0703477657381689,0.04427567012481152
-0.07560362593706307,0.03639374467905253
-0.044022026816925984,0.0037589238437782577
0.02204517013691082,-0.06420829112790093
-0.06791805815149582,0.031359751677580226
0.015418857079491304,-0.03141327282122871
-0.05415485762855123,0.015938380127643485
-0.03285292028504844,0.0006760044831622021
-0.061563631566142356,0.03027861967942875
-0.0762676128914342,0.041536626699793654
0.014897715312115221,-0.036798947808768474
-0.07228066957337136,0.04402058300613763
-0.011980036277108704,-0.029963597799321017
-0.056708497387407915,0.015369983814154392
-0.036707584673835586,-0.007518071537409539
-0.06648838069260847,0.03614961474563397
-0.0642971009558311,0.030217013757162535
-0.03529594309443778,0.0024724225145050915
-0.03555547081507394,0.0006934499701013154
-0.04208486699428645,-0.008543012176841768
-0.05444006683278043,0.020844262004477324
0.005032415273687988,-0.014556570458065838
-0.06492839208922224,0.029414478132985214
-0.06431557282775678,0.02481743719971713
-0.06895210405930592,0.024178314754690806
0.0008335700202782407,-0.02422830332039231
-0.026323243654355268,-0.0067311923098950215
-0.006941785385512535,-0.024359817124412732
-0.07150041756283015,0.04398156570176116
0.005302723749068232,-0.027783990154539896
0.0002414348404300555,-0.030224455928471575
-0.05918575562230169,0.02686492595934034
-0.07054232983252215,0.03812453657483115
-0.005631339420768557,-0.010481670300936174
-0.023299824731901297,-0.010615622818573565
-0.07674066990243206,0.04822896429873226
-0.05950544269798694,0.027827033437469968
-0.009008133340701325,-0.0226813546137325
-0.05995374416539567,0.02002274060688838
0.016857179059743196,-0.04731971022889104
-0.044148132725974024,-0.001991961602667131
-0.05161070045946989,0.014192315781086675
-0.03673653855584384,-0.004983915734232551
-0.029714959775160255,-0.013985165943428869
-0.05921666946852588,0.0377051254275038
-0.012098449632362498,-0.03427959238870137
-0.04962577468104694,0.013081950777107443
-0.04704138057912647,-0.0038644677684255657
0.01757484803815579,-0.041696874513991386
-0.06271227413825553,0.026428082788254717
-0.03134757348404728,-0.004533275434932196
-0.06501137076350595,0.034751324603537415
-0.026206212220612812,-0.011021601406162
-0.029919203509508264,0.0010990385173215336
-0.036189877268279304,0.0023684908242769484
-0.0510898350959435,0.016555390430385435
-0.06771296160927566,0.03425866341263061
-0.010485293883528743,-0.00027355437777805815
-0.029062758192827554,-0.0024217315331703996
-0.041460844737633056,-0.0005079206627340539
-0.022389096810968408,-0.020148719538301166
-0.06208480283974952,0.01527493671114021
-0.021293559515617313,-0.013376120651270662
-0.04463367256444714,0.004949404973603571
0.007385942128123632,-0.02610559299969088
-0.00353445205183764,-0.012799741774225493
-0.025947549385781414,-0.014525438184496017
-0.024068659588185964,-0.012768276006189001
0.010718880675894826,-0.038709105150247204
-0.004247239674656014,-0.02697991267492333
-0.05147889744223079,0.020451075460976572
-0.07479940842956248,0.04059066703335457
-0.06815171346164184,0.03352838890343168
-0.02654333104256319,-0.020656924455382634
-0.03674271859453465,0.0038081036844236946
0.013985596293917482,-0.029462733779913576
-0.07116087386028215,0.044261920999272265
-0.04657824099435946,0.014527231698816876
-0.05577785367177289,0.027188282419123678
-0.06492183241819051,0.02873511742002783
-0.00922073905172307,0.0017518448493407843
-0.051098486683691956,0.020557792327258732
-0.036544085691367134,-0.014349960205661582
-0.06371136837068996,0.02273008165055906
-0.08246135633277614,-0.011991749181489923
-0.07130745565335217,-0.03443141239139624
-0.03200227539957672,-0.05204261337121605
-0.051555696887894485,-0.006532670896337283
-0.017407737425577042,-0.09275021245427423
-0.040336222306857177,-0.02613466415625921
-0.06055828636078875,-0.005239061547704071
-0.11180220853065033,0.03286569453298936
-0.0702196076134137,-0.01601279634194766
-0.010604177926910522,-0.09349026839343823
-0.05338453123812545,-0.04705983237422728
-0.04962109440490689,-0.045318741513939345
-0.09675199431890145,0.03477161158968316
-0.09097205158118901,0.0062871063245798844
-0.08410620890685909,0.004166894520146477
-0.006088883300650397,-0.08901504031600983
-0.07942577359511468,0.016583557364834255
-0.10679592537595255,0.037492606555437166
-0.11202002770151095,0.02802474422868047
-0.08477266364081189,-0.008584152627830197
-0.05952249658809915,-0.03530971457390266
-0.010230696010987597,-0.08898179031695846
-0.046146760543989196,-0.05736584168698087
-0.09829490268089795,0.029123069634473486
-0.09486975947650637,0.02073479392604895
-0.02043440902152101,-0.08938480751880207
-0.019517528677429938,-0.08315015982589317
-0.019401692590450888,-0.07796457711019628
-0.09628067717526335,0.007053251116308711
-0.029871519643300832,-0.08730749564188409
0.011008457291457807,-0.10646194311101992
-0.0325439315672684,-0.07171944434466052
-0.009360416554997936,-0.0913800219611647
0.007992756212190711,-0.10326453477169048
-0.08507100646125983,-0.002743130879173482
-0.0702988074775737,-0.007577530000108591
-0.11186189548491494,0.022105717512911755
-0.06970752322219048,-0.01750561242929289
-0.0060034418658490105,-0.0958360050898252
-0.03469871981366491,-0.06355330414700719
-0.07742115071170584,-0.020132586667891462
-0.017495730608367184,-0.07665418157157362
-0.08723012725574134,0.014678708263170795
-0.07187577658310763,-0.0033413883635397225
-0.09351014524183059,0.022882042654152668
-0.08117929581144143,0.0005564874114799833
-0.09446508761523657,0.013856631354150729
0.021502742500216693,-0.10321784515956564
-0.05990184475235852,-0.03988205961302004
-0.04121171194150772,-0.06285948691098432
-0.024464935001489274,-0.0786315413019794
-0.07091557718777455,-0.015798300019638806
0.01387071348055805,-0.09397329507579948
-0.09448976959304858,0.03386317421508358
-0.09379461212415016,0.031527581392219305
-0.0950884186865018,0.03548390357500821
-0.037729883389582906,-0.056437774491373986
-0.08088163491649318,-0.004399008624895952
0.0066000143820807156,-0.10101849141247772
-0.07361878725681824,-0.016007301493073688
-0.0697968668155564,-0.025899634774565944
-0.051334013070986284,-0.04491477489175979
-0.08010910895249575,-0.012112828864210877
0.0029258910410316238,-0.11187991262406588
-0.027125242882840298,-0.06499244098248426
-0.07559099003090224,-0.018226780365033515
-0.0012621678603838352,-0.09420957796273602
-0.05328064426460149,-0.03559600300690112
-0.06982476122670508,-0.014121207676404285
0.012472871258642037,-0.10466659282986872
-0.0199433938818411,-0.08871254361667776
-0.06734517424922716,-0.027503946177748793
-0.0553377783897667,-0.05181950374804109
-0.028108288843716193,-0.07987540362643758
-0.03425820750295769,-0.06734423300526149
-0.005444706974090989,-0.09667447718826631
-0.05339585628609787,-0.05188263195852433
0.0050926494525523865,-0.10146203156429826
-0.015609278678660219,-0.08770139997008038
-0.07204274584986993,-0.016826836613077607
0.01230616830809659,-0.10311372454270937
0.008548903547432712,-0.10771472896612728
-0.06664171123479172,-0.02518451120825327
0.0071228760795910605,-0.10782498026336007
-0.08205221523520377,-0.0101879158594115
-0.05988519741072164,-0.029683725277648405
-0.05024530302779978,-0.06203948005766973
-0.036049148911536016,-0.06420635142144832
-0.05020083674192003,-0.044974542781448634
-0.03978856018106559,-0.04933133188191672
-0.07881425323229733,-0.0057010347035688965
-0.08863156335328003,0.007367695018979684
-0.09646189349333366,0.009495062035703454
-0.06708028547366525,-0.004386909685637508
-0.1063652507024336,0.01751911281424621
-0.05878344862516618,-0.035455697194923606
-0.039039889096261535,-0.0699529019116705
-0.01758876615344595,-0.07138967843991428
0.015392372649196856,-0.10223874696581635
-0.09561788896018215,0.031435702322719666
-0.07398282077536393,-0.021179989527883653
-0.024848410641607924,-0.07470066121087796
-0.025507283198097665,-0.07221079661849367
-0.01650316547989239,-0.08417994618863979
-0.016374255792143397,-0.08995245148684529
-0.07962689342043733,-0.008053784685358844
-0.07121389490864057,-0.00604312679807496
-0.09367688652709595,-0.0017455289604384678
-0.013493274335934646,-0.09464323011352815
0.00874783349260646,-0.09312068566755115
-0.1064725337824605,0.036241712687748846
-0.10174030382431704,0.01970352892133546
0.01300153589648395,-0.10314636115642595
-0.10996430409331577,0.019755593091284357
-0.037692211261420056,-0.0675526646241896
-0.0796110538098238,-0.023995672670772406
0.010109859537642688,-0.1072958682909148
-0.06954412092907747,-0.010537960368615767
-0.010499695382473521,-0.09034239426720571
-0.06783289725711782,-0.016508492889493458
-0.039783458326982435,-0.042335051088197594
-0.08085039425919904,0.022838612025531974
-0.10771756807859874,0.06681962970431315
-0.09195999836040553,0.0020219311230012973
-0.08972586100390938,0.009704533396696894
-0.09716912583762492,0.014074480357367976
0.01131836405033994,-0.10611997481018957
-0.027604139658314493,-0.0872587647655762
-0.021684922450561802,-0.07654890215472818
-0.05286038953727945,-0.03229001424309109
-0.07361727943717833,-0.006395690416485677
-0.045873858977701416,-0.06157630838411765
-0.05736210909495593,-0.02738862482953501
-0.011296555452716702,-0.05817201546834931
-0.1072007070963139,0.0584976846771646
-0.09823745785947083,0.0010505360785777716
-0.009927479689701446,-0.08740825585295757
-0.07862955193559268,0.003578853989680605
-0.09819508775942161,0.002018616869748156
-0.00014593033779312033,-0.0882050288516631
0.0056483412438824735,-0.10354964275595595
-0.10313007386368445,-0.0024108809264755267
-0.04371135347701696,-0.048882059375155024
-0.03380542560936834,-0.06495904999427589
-0.0878054851198499,-0.007089056774676022
0.001614749327562719,-0.1028835703298882
-0.07267919774457,-0.02057865254221605
0.009819914438780011,-0.10671286919605118
-0.05138759790558642,-0.05610634036412677
-2.7859984884478662e-06,-0.08895036320283627
-0.0832500400681962,-0.0024164361403440733
-0.02467283417617273,-0.05917829329307584
-0.08523196324182772,0.022982483487760223
-0.10058831406361793,0.019453636732667
-0.011450257947925736,-0.08613609571171174
-0.09633682067064314,0.008444697141994355
-0.08568169932792347,0.008691060448230448
-0.08996785382695496,0.017153280651933393
-0.09278774053058896,-0.0029474706429545006
-0.07090160314909312,-0.01772279147538729
0.007776598821334485,-0.0993547104365718
-0.10031533569243856,0.020648365136569903
-0.07236012944573154,-0.022650109274071756
-0.05917296572652568,-0.035125566859412885
-0.04511217207796262,-0.04773073062094309
-0.07269920416299351,-0.010752204703567221
-0.01429203022272969,-0.07815235800262346
-0.08066199281857801,-0.008349356333029724
-0.0855582161799802,-0.009895927940640415
-0.07706524931599211,-0.022619054221557657
-0.04941654047893379,-0.036921256294322906
-0.08091409853200955,-0.005945651192291353
-0.06465603708225555,-0.02092024403043938
-0.09966934550530505,0.02113459061177684
0.01255825428987988,-0.10168878155345547
-0.10459816219851009,0.016704950976037778
-0.09236930688583059,-0.002447095742296008
0.01220396798365357,-0.10335136171971812
0.006848525913608447,-0.1034189413543814
-0.024647748600109216,-0.07428037059116468
-0.062457924420850845,-0.02165078302288219
-0.07769773863780906,-0.013566061035480994
-0.02322849335389964,-0.07984229015357594
-0.07452154005033591,-0.020811575416662183
-0.06327881557371427,-0.03242277606062962
-0.047909929187110484,-0.04712528424979838
-0.045171714216815116,-0.048659527151233894
-0.07850012086861607,0.004085037236948696
-0.11165764966777898,0.035132841634373684
-0.07765746445221637,-0.010467196279188977
-0.08090133454523671,-0.010560611398869933
-0.05001627512031622,-0.05352857270522605
-0.07070879072830277,-0.021585538243267498
-0.07346661986182997,-0.018534349970120198
-0.03735929631334433,-0.04096543049383849
-0.09513745315083554,0.03566197745925052
-0.11023713117079452,0.04989277075671721
-0.08242521448296858,-0.011542324864360716
-0.08206211854225316,-0.016451110594558543
-0.0062742842789612185,-0.10251262759339705
-0.07907494300621122,-0.004357532625252074
-0.07315159774994255,-0.021436770158648366
-0.05610269417138301,-0.03911164474181256
-0.07181163266805184,-0.021632174601359588
-0.028858116900280045,-0.060393142612529774
-0.05149507229265137,-0.019249210080026946
-0.08667210241243134,0.02042903391403285
-0.10514908856284415,0.03864255089993543
-0.07846889223060599,-0.010236124650762094
-0.03909381714179373,-0.06421230798249486
-0.0938407258172203,0.020059114256722084
-0.08268332419290092,0.004903152556665062
-0.09566146573969625,0.01917272183158667
-0.09270260641217438,0.003070037523439858
-0.04503918357523254,-0.03987710293976378
-0.07905979462784861,-0.0034587634065244444
-0.08630285518965605,0.0068684546140099475
-0.06104086721097098,-0.02011967981882796
-0.026697175080926325,-0.06745467949198707
-0.10262119595347957,0.013634539494404609
-0.07276940621381546,-0.013277881776415501
-0.032551505779792336,-0.07168848380835
-0.08390428664847611,0.0014617805952351303
-0.03445756115967726,-0.07186841379357742
-0.06668218859800426,0.012106376483788395
-0.10767434129686124,0.04609361158502563
-0.098298997524107,0.019599481973853725
-0.05384458030860256,-0.03413269737137146
-0.08301826238202441,0.007615295463312934
-0.07894695859270656,-0.0024149777106957505
-0.08510729599498712,0.005095497803561815
-0.07186750911297113,-0.012119749079637573
-0.08411552990005587,0.005059336428538384
-0.07722417943263356,-0.009525950025719916
-0.05502988062521572,-0.023578237989240622
-0.09568128132945149,0.03619133156730993
-0.1172069721364147,0.042079087747030466
-0.059340572072327145,-0.028077356806128693
-0.05186057021116869,-0.052709772426050176
-0.03102848539104264,-0.0455773615608754
-0.08678684943829122,0.02186062670626945
-0.10651161479718654,0.03579873575324794
-0.09698765536716412,0.01215500045208204
-0.08720687079292486,0.002341211375801908
-0.059551187353391134,-0.039651102976855084
-0.06951438270565416,-0.02347424937770861
-0.05820372421286388,-0.015115458713950097
-0.08969622066314772,0.021085654665879756
-0.10478845765147086,0.015713286214513688
-0.010381208660008339,-0.08888914339032494
-0.08540106345279658,0.007608926675646417
-0.01759243817940765,-0.10011066457455046
-0.0682817108597899,-0.006579247481888507
-0.006559681053293392,-0.09027883602459394
-0.008278464855100634,-0.09815597745908147
-0.013019123726575177,-0.084618141627014
-0.08958285684863526,0.002285814407500186
-0.07767252670727115,-0.014486381508468585
-0.032734457545807255,-0.08655963306114371
-0.07140829020963842,-0.022223909873904307
-0.027996450251484003,-0.03539525319053084
-0.009317787862982322,-0.10311040179022331
-0.0656359820980198,-0.020384178063434056
-0.010046128623745496,-0.07371483222739389
-0.010293449769516244,-0.09895587464433996
-0.08311950827147781,0.0009340105278805335
-0.06872071107170025,-0.01948495146646428
-0.08514094727194932,-0.0121490458069429
-0.05242403356774107,-0.04927047873768274
-0.059405766045371865,-0.04450567068795015
-0.03564205020717904,-0.061222625649063375
-0.01606142435678569,-0.08914532090882532
-0.023641906118639023,-0.09126200446789245
-0.07557135934550836,-0.01620199293660154
-0.05788022030991156,-0.02671541041901331
-0.07722658522716588,-0.009871772115015416
0.002019090229499897,-0.10901937067809853
-0.048761868847040896,-0.05036066495108929
-0.036263572704363964,-0.06423068843332486
-0.07193717331795563,-0.01627515760011257
-0.07662101028232116,-0.0078069308107472386
-0.02740796094795268,-0.07497084456831773
-0.06609780569796252,-0.03268737166699123
-0.03932204803612009,-0.07849382102943564
-0.08751948835796339,-0.0024018079536087234
-0.018926866003142737,-0.08240385442394377
-0.05357173077075146,-0.05039752590676248
-0.029056195273280044,-0.07234864380569991
-0.029155520926801588,-0.07530415155181808
-0.0715497537408833,-0.02305727895500015
-0.058386702981158736,-0.01913131094721137
0.004994111314426391,-0.10754256984173642
-0.08050166361921687,-0.0065798636269592415
-0.03616667732676491,-0.047024205076922156
-0.05093483583404035,-0.038488040516498116
0.0036791944000447575,-0.10453440586736137
-0.008116801548568397,-0.09120885551869205
-0.045614451302167354,-0.047841569389842555
-0.0664187059508159,-0.029006785893022594
-0.04996076229760469,-0.04737931650014547
-0.04871031288472475,-0.035549039801874474
-0.04469330150555876,-0.07398230950453671
-0.059622044467950386,-0.028841900270188087
-0.019571560631891454,-0.10895066950394551
-0.05423347587938447,-0.04184743810540416
-0.01755201763297226,-0.07585457172705634
-0.08545358802470827,-0.009278089335714279
-0.04136631016508383,-0.05247262965149487
-0.04393435000133973,-0.05169876585315686
-0.05580804134920129,-0.04017299100532085
-0.022854292012157332,-0.0869644292789214
-0.10168279428177547,0.03343444910330895
-0.06276899676337654,-0.03002132230262593
-0.03772064690785631,-0.05663195521818021
-0.025464657683168586,-0.06522488232330655
-0.09298735761402639,0.03323058987340429
-0.09169233167668454,0.006556932135775595
-0.07228422066698592,-0.005604918533339843
-0.030995704037372805,-0.059933848560708734
-0.0900930241275252,0.005239081741964135
-0.07219567554366041,-0.01650225406916124
-0.04782903092493582,-0.03295836664764566
-8.091091139419091e-05,-0.10872752439985416
-0.032352851165153296,-0.05794272436879096
0.007664601515220753,-0.10324726689735009
-0.011920906117868403,-0.09382252146730886
-0.04146323753402973,-0.0577334675262826
-0.05527863873126295,-0.0395379390437369
-0.04423601088074218,-0.06120129031336998
-0.06103861792908661,-0.03131397359689506
-0.08500036535953298,0.00024291874216580573
-0.06253295255574162,-0.028210034811706797
-0.08465908800470068,-0.0062757817132944125
-0.058635171021390355,-0.033440988388875326
-0.08887184385153343,0.00948716820359459
-0.06499192114601174,-0.01183130443088763
-0.11727347669364979,0.02111103124795417
-0.04976020394280583,-0.034900006853734684
-0.05429002902468661,-0.05347583670940361
-0.08456730574915813,-0.009414183305088931
-0.06043929676532477,-0.047310095763764014
-0.0799801450614683,-0.015987291234933216
-0.05077448274960052,-0.054076559531108744
-0.04181773816363836,-0.0603428488505056
-0.03845203342230855,-0.059240098239381436
-0.07610013651839165,-0.008371487613060018
-0.0856080547136718,-0.008606596477003165
-0.06743297222341048,-0.01875766916900826
-0.06307622767143532,-0.036062424580177534
-0.07579423661301442,-0.0040062827805139615
0.0013006300061233936,-0.10577805507314697
-0.08788183880715802,0.009302267873610248
-0.08400739100695198,-0.008627718920440411
-0.059396335414383244,-0.03950009987012658
-0.06776363702783393,-0.030984157909566917
-0.05771944255386296,-0.032167837942532015
-0.04263550614491116,-0.06323392012989865
-0.07516049328759852,-0.008990177049420423
-0.01889243705533346,-0.06639900637216845
-0.014518633337568865,-0.09381167411590016
-0.06017038621892085,-0.03779964619135057
-0.010186378087830334,-0.106175971843053
-0.05528507287527075,-0.02308366642573517
-0.0002199830043914438,-0.10937530197029406
-0.06601141866392464,-0.02968470268796663
-0.06147469599623893,-0.04260658268880482
-0.03763529782752149,-0.056077305987772164
-0.0923688624587383,0.010549163969430684
-0.00826074481653383,-0.09329029000552932
-0.07183993002218111,-0.01161459786317257
-0.03223111419160904,-0.08549245530181322
-0.07386063084723517,-0.004265338898778613
-0.08753336473900616,0.006902316739877631
-0.01713810623006567,-0.08333280409919508
-0.11640180799239837,0.03889886405300894
0.007020687843758958,-0.0959664913675287
0.009595725162580278,-0.10812863081969724
-0.009778392596895153,-0.09841268948562357
-0.023123618738503517,-0.07118039201249192
0.0020051393491396998,-0.11063509333056162
-0.09358763446299477,0.015347853272858475
-0.015753495894446155,-0.08738476574418373
-0.05983079453928978,-0.03067196990760139
-0.05406521726346803,-0.027237135454858993
-0.009941455950670653,-0.08477614571620627
-0.03411092793882047,-0.0709782642490989
-0.06008840328482153,-0.02243036115387952
-0.00894485869326823,-0.09917866284096676
-0.056720813098335356,-0.02049134619653864
0.0015831352610131844,-0.10974130537488702
-0.07093825214820561,-0.015536356608408816
-0.011780715353245062,-0.1047134426185838
-0.026210832805368657,-0.053862960687303806
-0.10079178275756202,0.05959916828052249
0.008577523888192218,-0.1088468422648181
-0.00028643140310801455,-0.10784926970696763
-0.05398815036605209,-0.04833051242617201
-0.04000863832433235,-0.051241620130905885
-0.0655759046061215,-0.00714129420685485
-0.08497627477691795,0.019712082824236712
-0.09852949688487189,0.009792266333773647
-0.07171507809685432,-0.019957625908867127
-0.056086630863564066,-0.026713526758596447
-0.028860953673084257,-0.07879379182709421
-0.07844704795320136,-0.0005990534875115303
-0.080994700211748,-0.009597006914455145
-0.09345022726561787,0.02988104273589327
-0.04304866140282924,-0.050934156793100066
-0.06983148603561458,-0.019808410192996298
-0.05657963196052951,-0.025363974380166486
-0.11426587950149522,0.04282220877084005
-0.06833339380805269,-0.03233798273106241
-0.08637075924025459,0.0032127150778276195
-0.07218197162655213,0.0019082046943673478
-0.11108849134432308,0.03481700333680428
-0.07477997951806409,-0.0033404352474229754
-0.07760937505330406,0.005117171394843949
-0.07379916385089645,-0.014958038490946178
-0.08247452298643895,0.0011665065544468661
-0.06219909562177286,-0.03129081576004484
-0.04242968289677066,-0.05445921504806671
-0.03836193116348992,-0.07051699851870305
-0.06936114596801442,-0.029991412426986542
-0.04358171004282689,-0.05815103318822606
-0.07343005769345852,-0.017400407710643506
-0.022011806820610647,-0.07868743253485347
-0.03253513298291169,-0.07519183356302929
-0.029840536176933517,-0.08085322511399892
-0.03821875202441906,-0.056180486907004584
-0.03863685843041537,-0.06904354905188523
-0.07128401338786193,-0.01223174798743439
-0.030312548561912234,-0.04492798860056782
0.008446971285495219,-0.11226128824329414
-0.0863295428222265,-0.0008820302790419719
0.00020152285062401365,-0.08742681813563172
0.008181687630977178,-0.10980897231260783
-0.022075008120957543,-0.06553307421524007
-0.005851087369714544,-0.09589871029825363
-0.06370958958399625,-0.03719006330749802
-0.050847500628034746,-0.03771629378588796
-0.07528093012640348,-0.03738056363204938
-0.07182305284234919,-0.004915134136663333
-0.04124586081257442,-0.03949507675873741
-0.1088226362225057,0.03886157325916702
-0.0834998959135555,0.010739677065565277
-0.06052340509568797,-0.027796371469748803
-0.0927237325513669,0.03697596780975115
0.015389037213806455,-0.10828130615670951
-0.041396774162174126,-0.08350036196084094
-0.04470083664930611,-0.04400408711897104
-0.07065481697698009,-0.01947259968661054
-0.04149332492328329,-0.0471209295262945
-0.020999154388263365,-0.08270038543230067
-0.07799595514293854,-0.007435282014024996
-0.053979244141369655,-0.04005871356025674
-0.08205669899854327,-0.00012573518210042486
-0.05566044394363071,-0.04463060082993678
-0.05742438128067486,-0.0319351555886005
-0.05315750315609808,-0.03508869063991315
-0.10697181419898359,0.03629990629432291
-0.04242207788650717,-0.053908570535961306
-0.06778980453227637,-0.04724707515510717
-0.02981867890878535,-0.07472052843735393
-0.03907081929323965,-0.04465320257119693
-0.06829376622977724,-0.014207690137317043
-0.0954162144376647,0.021745332070338255
-0.09110086912939047,0.01411257149227691
-0.0295942456000873,-0.07676365665689268
-0.0988631634268961,0.021505935966316773
-0.017401007246772925,-0.07519624029399077
-0.09397946908756782,0.006423140786122914
-0.07314282152028082,-0.01771842722550396
-0.06802586443805181,-0.009605468454997927
-0.09214703114349232,0.015851641225899202
-0.02527767199824653,-0.07113287036478828
-0.08585792345629398,-0.0028882345671386402
-0.04359661452277839,-0.03878711228433895
-0.06364195633895584,-0.006847461836997848
-0.0965665092774758,0.019547556539410784
0.0015087523541651945,-0.10514381259427884
-0.04263822689085835,-0.024185006696932167
-0.0679031366599268,0.008400455635787245
-0.11543240385592211,0.032532756570738404
-0.07113099722538441,-0.013179534161068703
-0.08886314931791033,0.007252828006849953
-0.09572235563177799,0.027223046045251113
-0.06702250173215708,-0.016405193925364974
-0.08032492769839,-0.009292730992346183
-0.06966202865386595,-0.014780624062812501
-0.03155328530045513,-0.07255819665846007
-0.08986811886797075,0.01395635140458279
-0.015542357945750922,-0.07916056496349226
-0.01642956409835959,-0.06696898425085945
0.011537198308675398,-0.10614079495754751
-0.07828456488441732,0.006681729510769637
-0.07482546284230229,0.015512155218330749
-0.10346236031863168,0.04966221179418934
-0.1061392472867747,0.043759566983067474
0.006463489763404726,-0.11099251154107193
-0.04108038941051661,-0.053032575044259886
-0.07980044046905334,0.02143923551932428
0.013003954665698082,-0.10835769718533828
-0.10656011775842132,0.023097837923659107
-0.07800584199423857,0.0029163230535855906
-0.03951626304979029,-0.04656845244360966
-0.06578391665418404,-0.021740749596863423
-0.053124811631893476,-0.0337471956045826
-0.056719485804018595,-0.047333436030336656
-0.04809015056718213,-0.031359826416940906
-0.10348173364053258,0.03378607366646765
-0.034104195236028596,-0.05108363353719941
-0.045986819353626904,-0.04055581982419672
-0.0295828831293015,-0.05199703869666044
-0.07789068739313666,0.10091471325435751
0.11699231812245067,-0.04291494707556958
0.022807770412443078,0.11271275869111269
0.12893158824089623,-0.0052406717632568975
0.11868975841216257,-0.041977469576943004
0.052339829054131905,0.12290203102932289
0.12561024706659263,-0.027013710379050742
0.12126812546580833,-0.037124503952906465
0.06257359695903142,0.011032674756385884
0.1169577007318014,0.016339975797430635
0.12218639059066556,-0.03359476022755255
0.10722782978287364,0.0777482841952258
0.14786666377879018,0.06132015455849644
0.15606157546592006,0.001475697826577302
0.02829314749553862,0.10501395348819449
0.08247752297465054,0.07045189587194961
0.10273887304498174,0.05290619637666484
0.08349486177785129,0.03679370521569012
0.14255011976577783,0.005021273226908829
0.058050570024972936,0.09949115295895283
0.16207213119557945,-0.027256963512659767
0.17159802469444238,0.00042751681522874716
0.1379042144486589,0.04701704071249073
0.06396438459455392,0.09127152176920193
0.07455524236801528,0.08878910657429988
0.07720852256516704,0.002658162085941614
0.14344692930012296,0.042929630095521774
0.031967662691930056,0.12997045902562981
0.13858778779892023,0.027792245155652966
0.14396553059368952,0.05332242307571374
0.12679738479023003,-0.02376961969492909
0.1577194680794929,0.005042578035814924
0.03647934402108279,0.10517643835740126
0.1333997037635539,0.03867643708550244
0.16486713473808803,-0.05892866280342186
0.16763866961463667,-0.043090310060297614
0.1237804124806817,-0.026669200647940674
0.15933884192022899,-0.06655610815423538
0.034939807797064536,0.11602675304728977
0.07860864230270673,0.04438981356718709
0.031206565813492078,0.10037737416337834
0.11107789709217507,0.02585723013101782
0.02640518070064049,0.14218784230235276
0.17363606936616763,-0.017899014824444785
0.12320749820616327,-0.028474941292310783
0.138599813884068,-0.02830777151060893
0.027925466245376052,0.1191322715712064
0.16900893884991627,-0.008017110893343221
0.007054505926602136,0.13110655696799803
0.15637393587733633,0.0019556895612326173
0.01918089162535458,0.09102428912314443
0.09757457131685389,0.02708298573100138
0.027084934554615386,0.12952164767904964
0.09817212100043443,0.042200330436001174
0.1642381577067093,0.016873482550464215
0.12382280567605021,-0.028200619011295537
0.1568116233405768,-0.0247199213820478
0.10246140568805939,0.06763622237712247
0.15480316423803722,-0.05389631831593439
0.1211218295251475,-0.03451216641948549
0.09964250683423805,-0.009462978414649898
0.1150197363689539,0.009324775545565284
0.14372994607487177,-0.0534196554936099
0.03163852395606056,0.10696690648577188
0.10949435657642592,0.06536523466089769
0.12192811613192708,-0.033684984891619224
0.07806525911842457,0.0385202121915765
0.1627373975938422,0.014850817847632
0.14829419483714726,0.04550807871781655
0.15559016611283533,-0.0368932768834763
0.08070698869080055,0.08199529041414025
0.1434576549911377,0.04314294499762307
0.04834654855808298,0.10841698533187037
0.12544244352309916,0.01212939202130542
0.07082240895142017,0.09883872718985176
0.12588925553299327,-0.02541790305448853
0.13317831800562313,-0.017667176194098508
0.10979122104488949,0.07900411981312512
0.03311145157269032,0.10889994488218777
0.16285677050629893,-0.04878451595683979
0.16144394341125948,-0.05394890618845081
0.13266069164540747,0.04097027481993067
0.1099465190152343,0.02082179701117969
0.06698817409853988,-0.002684643961930261
0.15419588265839004,-0.06438898045447995
0.12108381758244692,-0.035724147319774004
0.08669085872242942,0.03583105112556505
0.12646553567530325,0.02793178388775937
0.11611050018963155,0.026752234855939885
0.07621788860389889,-0.031482468297412906
0.031098131783736518,0.10522246309326878
0.14168811472641699,0.03030917794464198
0.11501517859730345,0.04774253063623874
0.1606964864138129,0.007632457782956012
0.0351696539219022,0.11665571134219604
0.031946918805502704,0.120722544273815
0.04104839471557213,0.10861347880891095
0.167902893266631,-0.056726989134438396
0.1261264132835939,-0.011977464701403654
0.1338046782104252,-0.028445691029323976
0.026927259541447972,0.10583288955881995
0.032850513539602236,0.11487746943830683
0.13098277831494706,0.04382863711934438
0.021428033371487867,0.1164428910878427
0.13939978084328594,0.02933834222347822
0.1196995422065465,-0.04002646767260111
0.021386775146259206,0.12562898885427742
0.0343782896900111,0.0852791445119113
0.03008579140120629,0.10786265356865316
0.14856495885104734,-0.06164833841690439
0.1550608024992162,-0.006108810121199463
0.1123736834064564,0.02194667198471262
0.16801868717770785,-0.00995874737803488
0.010812510053089093,0.1383531849880053
0.16623713695814576,0.019498107691820584
0.16186424027549728,0.010466570194429377
0.09102052974336325,0.09073669735208977
0.10632828973226571,-0.02134023282488823
0.03656450707823769,0.10668093697449282
0.16022703296308463,0.00691816992448511
0.0945959693762257,-0.00533589450118334
0.15197577642566026,-0.03318119969239011
0.12528045459608053,-0.026250106636747938
0.17364691881162123,0.010690821571325214
0.12388325112728003,-0.029225522296685697
0.1479672874669603,-0.01529635921306204
0.1636644879831949,0.014683903125838513
0.12394589318528265,-0.027152230952503333
0.16179706717957806,-0.05217677730887581
0.1611237699615493,-0.019478719404172805
0.10540330903486693,0.05444334871140463
0.12175284485522761,-0.0013584945961187464
0.12648560520756835,0.04781573286480174
0.08468412975381964,0.021984271641722355
0.10228977288378947,-0.004167611041624661
0.024551629103507767,0.10125937455487029
0.09799452159916626,0.023733764654763106
0.044157242194724666,0.1121261297285799
0.16271143741395896,-0.04239944873393038
0.1270508832195205,-0.02248175783980329
0.16841525121158635,-0.057701208735729585
0.14014032413375055,0.029199773906794815
0.03224073085728331,0.12036949767138126
0.14911714327418005,-0.08381114184070869
0.09612910515118112,0.013126331586290597
0.16420950917888827,0.016968896108976454
0.12451447026914143,-0.02815529005998518
0.1757847638147451,0.001666069339137175
0.12081059419527126,-0.03320121588051695
0.13183207682136663,0.051082695506984244
0.12167212148354196,-0.028010738441460223
0.14949653944413988,-0.05660451786141441
0.1449856236837384,-0.02011799034306134
0.13982888885573083,0.01906354653007472
0.1648723599706644,0.0187271823341664
0.16005081796081272,-0.0013929367522426935
0.06904368787234136,0.09409689638092221
0.11084535414004229,0.08307677051578816
0.11798117422823479,-0.04198842843069771
0.052027155718045615,0.11840173215247862
0.10328722865403603,0.1017744549016714
0.1233214143891112,-0.041585143817696846
0.14443663610024365,0.05199278165182055
0.12133380466505278,-0.03468355414345435
0.05947405019692929,0.01979849126973247
0.10681065219566079,-0.023708302889253855
0.048354778434010516,0.10113586552750468
0.015698225376215607,0.10652053302231526
0.04477278342518341,0.11090783988815729
0.06341468212371519,0.09075162630677365
0.1514911622750722,-0.042994762227658134
0.057036748567135566,0.0891893406420255
0.027419922677295074,0.10285298923600188
0.05676363767552622,0.08531843261800566
0.028290569418098818,0.13796230360500883
0.12556092033192512,-0.027068615061927793
0.12312728084226389,-0.028907379557794127
0.14606891087805404,-0.013877832144728482
0.1624633165261751,-0.05617417196197277
0.08020364278304597,0.021945088923700902
0.15264006175103373,0.05397929176301214
0.16334126869963622,0.01235493572069394
0.0795856233068395,0.09189816933011265
0.021705314379805406,0.1358317676595755
0.08972508993817098,-0.04638776704173659
0.05179525515582803,0.09384242975971153
0.01622173641738061,0.10594042811870438
0.05027276949488961,0.10930462728666025
0.12561537681648358,-0.026989184623136445
0.1210803045837264,-0.03383423212980664
0.12536494650447674,0.006077837264370107
0.028103228557435248,0.1184930623066107
0.14090806816169843,-0.03979453475513681
0.08524267933696937,0.0887195985656992
0.024077500452642068,0.11463819126905486
0.1255736371884422,-0.026706065545279548
0.12420946435501529,-0.028921780174792484
0.14345492695637937,-0.02216798703121321
0.11985754740615058,-0.00548596117234307
0.0448312452528107,0.09877566240996807
0.12925948151251743,-0.047474466883619976
0.1388616463695624,0.015538388100980897
0.12108425800658218,0.026707117406617072
0.11097662149270397,0.026881114088075444
0.03620916909558146,0.11099167256824792
0.04331330802655703,0.12332100224269991
0.1672949619111182,-0.03222025747699532
0.02663722827244745,0.12782548149884435
0.12158442424514629,-0.006767351648231391
0.12544472365186574,-0.02693307190434564
0.12506392581030942,-0.026141670907532222
0.11895172923005269,-0.042251335524959556
0.014563234691112537,0.13005029930555473
0.13286025280132893,0.02695515692991563
0.05575717101746801,0.10897770848901671
0.12682447531044347,-0.023864027355398245
0.15584665999729955,0.0015593757186576102
0.02932255115928666,0.08658978973845444
0.03639807914193873,0.10754523864320058
0.1658419103176057,-0.04737796280806201
0.16906795977452949,0.003039508113682279
0.08952859663743443,0.09353112006626753
0.16359414571872632,0.014869525325133012
0.14347416671074487,0.05516543995400321
0.12704675033412013,0.019586961051293275
0.16015158375410923,-0.03373316395159061
0.023055476258018254,0.09815913877442521
0.10815882970337819,0.028304662368065513
0.12412280796444813,0.024705855958107162
0.014826314134845186,0.11540053101051975
0.047951416186639166,0.11117826059518071
0.12481390806461068,-0.026877593037523947
0.1627701285969555,0.01103295737997962
0.13234903673978599,0.019752721679268503
0.16041552197510672,0.012521492250090591
0.10966736075062145,-0.041967511018346546
0.1434258844358929,-0.023986214622953722
0.09892589258701233,0.023466616318303393
0.018407152856027436,0.11577803341631294
0.1230684084494385,-0.0002444958466965048
0.10997225255804301,0.060720466335950074
0.03317585658897933,0.12027148841079055
0.15002105680756309,-0.07804055711104711
0.12132550447876483,-0.03178154059517788
0.12788678344313886,-0.026096724977243173
0.10926695416934344,-0.029967268563619663
0.01423656699613219,0.1379945349085769
0.16232755105260965,0.016598877950953387
0.1449099705111261,-0.06762720549632213
0.1238421846289056,-0.026993673025478684
0.15648193836446977,-0.06581959431646332
0.04975064315590253,0.0908071047079967
0.038726494798936785,0.05045946794505591
0.11576042217996116,0.03222760763184448
0.08054719542792112,0.039809567675618114
0.12134890000489947,-0.03315460903599406
0.14120919073159874,0.03673439678650488
0.037361147185450146,0.10271078902363222
0.07827467231336152,0.08425498467566932
0.15847817246492765,-0.0040813870232701555
0.1328847692693373,-0.009785406101110792
0.12426191728168443,-0.04513556826798127
0.116303713356903,0.016476005495242953
0.13008540125784465,0.007860660137563981
0.033390666083149306,0.12103173338323515
0.11284344783911393,0.08387275821867539
0.13484851069528075,-0.05222463445066205
0.062274435837969246,0.09371610150418352
0.03598788035489677,0.12597179798417377
0.16030230309625385,-0.007963125136788332
0.05342822693146981,0.1139980242276917
0.10883295516538842,0.015274651317550287
0.08607636483372991,0.07534247423114113
0.027520988464382536,0.10824917435810176
0.05628029818186196,0.11010684137202816
0.12002498613645543,-0.029284960885394118
0.1479400454663127,-0.019789622129693152
0.1203724613368683,-0.04071995573536211
0.020058068884824407,0.14800716289225713
0.08036655841549006,0.08176697089120166
0.03603637677651118,0.12072566889757474
0.12094432174448391,0.014387796645966391
0.03631883991347122,0.104976494080864
0.11015387014344276,0.059870964288316654
0.09652964831698613,0.04040671354532801
0.047198521193788756,0.09999392506454026
0.15912045465572075,-0.03543272337435154
0.08713603172695715,0.0746870480685823
0.09626386348951801,0.10837548300438937
0.16301958880439812,0.014803466214336487
0.10175874466374353,-0.01676848286921323
0.037218202901408766,0.1042846129545187
0.15803974729504425,-0.003347901277124665
0.053291876113871296,0.09369367771932657
0.1644341973291415,0.017446515980487534
0.16338489158801353,0.012095116434560262
0.12074511820744044,-0.03266832872386468
0.1287020079331557,-0.025642798761903427
0.08102680288247634,0.08057925866249209
0.0462051515285732,0.09167383738644265
0.055628978786791204,0.08302124269826132
0.15749640251922783,-0.012545830639738175
0.040377303115286124,0.11740779310990707
0.11764892351334387,-0.04346878204409486
0.02959066523303958,0.11457640085193714
0.05703323884427232,0.11611947320046986
0.1264546074751199,-0.060821343265959955
0.0791881061923847,0.041412283261028734
0.11644751303143037,-0.043648041230476615
0.038389125525559474,0.10266260733959208
0.16343890026923835,-0.04932127232763188
0.15682681025449174,-0.06803053784619172
0.034405891178388555,0.09242811556564087
0.12005641184804719,-0.03901264620459239
0.08959401971740792,0.07756485629797623
0.1042181698911272,-0.03322741622325503
0.09358004708607257,0.0994628714957085
0.11945107710134256,-0.039686947375230285
0.06299553743035716,0.10173692862719307
0.14203953133563701,0.01518901692709294
0.09940971002546,0.0029124642080620433
0.1576510623256005,-0.06363969424718975
0.06042034872046184,0.09710092451840309
0.16737755465635493,-0.01617251447432292
0.1399723473626551,-0.0203155199739042
0.1254163411467713,-0.02704088503393669
0.12385923633215398,-0.02445295288621056
0.13986948388821974,-0.0860557600321077
0.02087335468834367,0.1187501153710952
0.15490992401327364,-0.004314363489525402
0.043988169703753,0.09502415918569115
0.016567829632442636,0.09928123658399489
0.040493147688016255,0.0941363705102192
0.11572432677833704,-0.04617306793722355
0.04047031539448488,0.10833730914255918
0.029218033420091435,0.13360100726538546
0.16294700198628861,-0.04996327851137798
0.15862878923092427,-0.06652310679695168
0.02039506696317545,0.10873543308386824
0.17649905344279687,0.003486792598040854
0.16255028576719457,0.01724186892907838
0.1615396394953251,-0.0548640071127874
0.13201023956492855,-0.012729513426289205
0.09624476462023673,0.08056696258230514
0.02500455782187695,0.12353197510848186
0.1614107241299204,0.00338340728002883
0.07630862496144994,0.10293339854218453
0.11868828792798561,0.033329158083619054
0.12182223738979409,-0.03029130807995818
0.11482633434530311,-0.0386763232011807
0.15727498677089843,0.002392763862554137
0.03653449825380233,0.10909725379602538
0.13759980443309242,-0.04337461883910891
0.15870103591038456,-0.05179220200531234
0.031007030224867487,0.12592985055730432
0.11624769926917608,-0.04423187187651787
0.0407186779107069,0.11298626271076165
0.1620386642821284,0.01492603162313499
0.12459289398393483,0.02181782775153268
0.04631184313847924,0.09842119495631281
0.141244470299206,-0.04282112607728259
0.06250262427519822,0.1044803951356254
0.11969997880723945,-0.03174013936422967
0.13902466885326178,-0.05964798709534334
0.15047313504708873,-0.03232133141446256
0.021578455014304186,0.1363822645983381
0.1684515077977371,-0.01812389503670904
0.1720792834424436,-0.0015950438227754426
0.11393551765461174,-0.028174310489417233
0.13734151708263037,-0.08909218511470876
0.032834370417850214,0.09389895965177411
0.16168161263732084,-0.0537579408871691
0.1483572847015091,-0.03735614764506933
0.16734016627193762,-0.019967097717224255
0.10597283712752113,0.045792665205803676
0.13422404496503815,0.036862755581910656
0.12491850983878774,0.03560011244143163
0.02096560408015507,0.13459864585801656
0.1718122911024776,-0.022646415324501474
0.1571405835092869,-0.051512100174215585
0.08670187073960967,0.039899968951075775
0.1320117997533983,0.029141054719326334
0.14337510673786685,-0.017671518686898344
0.11810214450277845,-0.056562184601437755
0.14408694759010418,-0.014187254025879432
0.12012254373643481,0.005608568412971128
0.041585487034679035,0.10881006263491697
0.17321713041204362,-0.0006768411697549451
0.12910320070658368,0.008545150559803398
0.14213619526144822,0.04827959603752009
0.14502764662263196,0.026953934597491895
0.1711960004561169,-0.0034231290475938455
0.10067118358810719,0.08362033806133368
0.12239259102092725,0.028322193577183817
0.1647146319605598,0.016970765153034424
0.12193626317975902,-0.03433170102420038
0.10798495059179263,0.0930678728737454
0.16226651116305002,0.01465356551072563
0.15775439380203024,-0.020967486399806955
0.14257149681189601,0.050384466232611516
0.1398263022524553,0.03645340308659162
0.03380659089524508,0.10110757605774437
0.1428507114492415,-0.03165050501597152
0.13302230895774345,0.0693086165104197
0.15100370699084897,-0.09134291937422173
0.09961841066964675,0.03556698438679687
0.011944299362666144,0.13705868213276026
0.163755435389537,-0.054508011979068495
0.08848739793303038,0.014951750745552814
0.07116628742316852,-0.039579539818207506
0.1516805645849792,-0.04198732073946093
0.03372601249011271,0.11366328728040481
0.1223293252056018,-0.03209095047101905
0.11258897930101036,-0.02224081419116434
0.13148259040864688,0.051329326746512104
0.056820393302003856,0.11760010078811961
0.12167817082004985,-0.033054429712153964
0.13587347587925322,0.01284970153344506
0.1254783329230669,-0.025445654941821053
0.15730446666877895,-0.025174073317949366
0.15187960779588408,-0.06638797268491772
0.17602838577717025,0.0023641481574644013
0.1648253298916406,0.019256056484079243
0.16243396443723832,0.01711419266536059
0.16448617146354258,-0.06011683809435929
0.16648805531273228,-0.06374702365474483
0.14290557205269422,0.0654608389572856
0.16732538600699387,-0.021026989145232728
0.09320045108763189,0.07610072547042644
0.04995200643697913,0.09277998149636477
0.1421337716456813,-0.024379634313622035
0.11882123332565084,-0.041145486369010095
0.03396798635603277,0.12280236121400664
0.09710320893010749,0.08704431258994703
0.1176574135845065,-0.04179145817739991
0.03605294729272589,0.10271913101868375
0.032576615951929004,0.09886562306822062
0.16259670434202256,0.008870357355696884
0.07575825890741895,0.09131511304155264
0.1637288114840855,0.010749431558614915
0.09187782463328203,0.006178883101627147
0.04241478810708784,0.10173167615997374
0.09836452233682184,0.0754057417317846
0.1629771363795453,-0.03947685134718006
0.09044261366490727,0.07144873070848859
0.11365069325650017,0.03513938703455534
0.15326687660631413,-0.04819731586998382
0.1441312476828204,-0.004396390751199212
0.09108991450123456,0.03024038508265247
0.12228614370196174,-0.033638555693519354
0.09203342280995397,0.030841118561489043
0.15782872052666608,-0.05497522785878908
0.015735681572399563,0.10018413682364737
0.01792322447511972,0.12336670256599695
0.13190292824478347,0.045304591839795065
0.047037831348345244,0.11726973231062861
0.0818281026649157,0.03413455628857674
0.10761051734119328,0.06759623015170915
0.15739493935476764,0.0041473913473957374
0.07129435844629135,0.0898425865337548
0.11955199871945016,-0.03668569092795866
0.07520710438085863,-0.02676365406697473
0.030988203255872183,0.12112966837988115
0.13423169936368912,0.041101851380054004
0.13271887179309108,-0.050876795037178055
0.024865038507954792,0.11697526810840814
0.1333939049631074,0.03891622351913827
0.06313698863814143,0.01039918270405276
0.037629465235753834,0.10721485846588366
0.16606207482360796,0.020142953965816696
0.1666455492197851,0.02075371956985737
0.15683365786655265,0.0028474941512314695
0.029055913941693923,0.10845102326885861
0.09465057297094766,0.06311031242717852
0.11730090187695448,-0.04247807409342207
0.0005258951178206961,0.08882451334354648
