-0.06838671136368436,0.026430944365490955
-0.04180571885950155,0.0018815788047291233
-0.07674355101885251,0.007401932729879056
0.059477519746347546,0.022351027539564115
0.080195893302473,0.026953353782269082
-0.08623697990172988,-0.011507429200280228
0.13081199555152262,-0.008260683511716707
0.1178942931786278,0.0018438159694976347
-0.07865718054329264,-0.00427408273625993
-0.11397932465088458,-0.03642123094940557
-0.0846161935275017,0.01335688210548296
-0.03252150158508545,-0.0008795094596674661
-0.016039504184660405,0.014195931574604394
-0.025578855566001205,0.03241545097322802
-0.09060935961756263,-0.013942819848273613
0.1418104086595749,-0.007452030904256672
0.03942630245447937,0.0010675424418812025
-0.08317189858943475,0.0020353031080830534
-0.094465018487196,-0.011724086291970925
0.023571057344722746,0.01717020938422746
-0.11181702731629158,-0.027455215194347245
-0.08892964196315331,-0.010612503582756273
-0.07835335412926041,-0.020346109385964713
-0.10131451133049806,-0.006760773222711193
0.01586153524635652,0.01802564553763817
0.06033750748761288,-0.0009554668859749791
-0.0689146751225928,0.011576590782693671
-0.015503670630123334,0.02698998431387248
-0.02979538226806067,0.034158952847436024
0.08128208496295349,0.01956094434825411
0.1610315457994911,-0.030427804658992568
0.0393541007042036,0.009647203521722787
-0.0964148583589433,-0.023253578854258647
0.12690720378580783,-0.01798751404475818
-0.018814373518545195,0.0044564278054808676
0.16720917931479792,-0.03207275545520454
-0.09874767512553337,-0.013939140166405283
-0.05967655028663452,0.016822517131572755
0.05129073094821633,-0.005132954595706315
-0.08402023536487395,-0.018391225706950586
0.0074838941853974505,0.008556529933167118
0.13330059273088327,-0.029936000319175423
-0.023291286204840073,0.02775726188577794
0.029066911507717362,0.031649709325057965
0.08119522585506062,0.011964224998099113
-0.020843619651782698,0.03151431238875138
-0.09843807925480523,-0.015040901377971315
0.12121614517851509,0.0076137636085246325
0.1103513900971412,0.01234486464443117
0.16803081728536431,-0.03195138166165463
-0.1057352538682125,-0.015551061953292167
0.11031786038203864,0.002277882806758417
-0.0819224134848548,-0.024162829072315095
0.09109918842145863,0.011490950478352281
-0.04230715080816816,0.038151967896131046
-0.00836498742793292,0.0449777182166381
-0.04134756615558505,-0.003056447711111636
-0.08447762152822552,-0.0019073865555945739
-0.09306122492443908,-0.01663880387354679
0.1645597350229444,-0.03085564746187251
-0.11167094864997923,-0.04151788063557802
0.05412758092712347,0.0069717147637423284
0.05729817717878138,-0.016958044756626576
-0.1078722121527344,-0.019967042179473652
-0.02194856117683551,0.03363918780718544
0.1662654829694527,-0.03300973700355611
0.008804605105649808,-0.012636950586096868
0.0978738337959706,0.020558827364899106
0.12107565289374303,-0.00048546965980476045
-0.09114658922504233,-0.021572669471375344
0.14150481102395457,-0.019142298663780456
-0.09256894326886488,0.0015315926272144072
-0.03998340048619699,0.03937521592019347
-0.03978184250418714,0.029034124915836075
-0.018852796434028183,0.025144916860225245
-0.060376399625508316,0.000701995705961787
-0.023756428990394984,0.0135082666336595
0.134756208341939,-0.001197541387704557
-0.006227785069532743,0.038371629008976
-0.05250402246470633,0.017669261210688743
0.09130488222138794,0.0017104172710367942
0.16204397694911457,-0.03060916143349637
0.04509706479060049,-0.004375944801207009
-0.03505904103759112,0.021024811963341546
0.13474137890695026,-0.008650515964446548
-0.07746074303362549,0.01609450250230995
-0.12258247847944442,-0.046268718192473135
0.10601693915010256,0.003333109779533349
-0.057610380942537835,-0.008619804710392677
0.08392226496886766,-0.004084212474298724
-0.09819537986171371,-0.022047065468601766
-0.004407091266437724,0.00011068916500586465
0.09999669308292491,-0.002655473138071749
-0.013909842831742559,-0.04097045876151635
-0.030701984418418263,0.029111811125613358
0.06691506278791125,0.0293980881887419
0.01658003881583492,0.03223739240319762
-0.08215607426525025,0.008668837785760873
-0.12349541706534349,-0.0355006009937305
0.057612574869321684,0.021730851078959546
-0.05060911553319175,0.00944847521117007
-0.0886925048325811,-0.015066464861334674
0.14285129822366582,-0.02432048011349147
-0.08850605326755459,-0.013059139149519672
-0.07823724848752049,0.02004300658334987
-0.037489330701819513,0.02671988595487774
-0.04244129460969808,-0.021887190178540055
-0.014788773051906803,-0.0008486476337178148
0.14899902137735857,-0.009438806483577571
-0.08560024184000216,-0.0008654012533527256
0.16185379531620198,-0.02636617416310125
0.13616527637896172,-0.011679308927672941
-0.017455996081656423,0.03823165558412024
-0.06138359067482923,0.014243990916551515
0.00035107918933691124,0.0509194156586033
-0.03445757760865197,-0.003228022467187269
0.039211177603273174,0.014969719382403757
-0.09317717524825013,-0.012802257917696734
-0.06663788106914144,-0.02583482136837119
-0.0397356648615636,0.006532610694542941
-0.048922353310895894,0.02456995926355945
0.016866696566082542,0.022252137509399753
-0.08347105530867964,-0.02131470156414218
-0.08076293969665616,-0.008069418168907258
0.062429782775169716,0.011009050468861054
-0.033539660037972055,-0.004745684186646435
0.07507210179228004,-0.016570497207427617
-0.08621783461773573,0.01846828332628001
0.149111796790292,-0.013638714486151433
-0.1001785240781123,-0.01356331064476821
0.06703606539296836,0.02371752768208168
0.11389383932681452,0.0021234745431126696
-0.04836573528607036,0.002907595204984675
-0.06344383763677279,0.0028507821742271397
0.040185869508782474,0.007997300802861169
-0.03159044232209462,0.037188884408540214
0.0369911893925648,0.02427597386151655
0.05180137461702778,0.021773806368934542
-0.09049151574947668,-0.010601217704321049
-0.09257904490156875,-0.01744524866304256
-0.045464569202325764,0.022370352894126148
-0.05218340700620547,-0.013038995865681921
-0.047432941395075,0.011435232443154607
0.09358015069052911,-0.0013999925857116772
0.1525348987228723,-0.023885186918951445
-0.014857198438368656,0.04246082938740305
0.13996197321377704,-0.010990146302231116
0.11683695205794899,-0.013104977403194539
-0.05816332427913203,0.014652048389563419
-0.05988067367926454,0.010799712601189317
0.015766656345513726,0.018386109426062093
0.005159084311865469,0.0340463644588006
-0.11229347004830446,-0.022131820347869872
0.1513433297546081,-0.005372055662359319
0.0009143954795205282,-0.0050587890132047075
-0.05910698369376312,0.018306045656875266
0.15780781765579174,-0.017934549033158872
0.15636094117064067,-0.018212724192405
-0.003545355632617273,0.00018445668958018375
-0.12495307439822377,-0.039294616316849953
0.023722445619724995,0.021446876233645332
-0.002292831629896816,0.04044801844846911
-0.01351800134180124,0.03677739138808988
0.017578527212848864,0.0016738482798359336
0.16498017762039205,-0.02974507684200984
0.16599025380040464,-0.029451745812788453
0.013660339364502033,0.03589869868129456
-0.0826083781958213,0.0018910696571251939
0.16078036086621048,-0.03173760316072579
0.16804630359931202,-0.029457609120413623
-0.104729892416317,-0.002075820296527148
-0.06367210620000359,0.033041440420053685
0.09641240939290106,0.0071748456899139515
0.021248160268302164,-0.009867141242854361
0.06840307454973711,0.00584926726183751
0.1169176252090441,0.008462345287244651
-0.04523099713161108,0.033472740129622834
-0.09880651732260898,0.0034799153349388797
0.14123209645963067,0.0019306468500936797
0.0026893222377563017,0.01341563281561738
-0.007114333952955642,0.032124117039942175
0.05593726442992377,-0.0058412105567768775
0.11969118030304447,0.004257755136984031
0.056925194815384494,0.03778406786361142
0.16116755020739615,-0.029322740834090467
-0.09526736488474989,-0.037445808536700105
-0.03469558666186808,0.030048716857906478
0.11736555714102291,-0.0035788214658717147
-0.12272825977656134,-0.019920199748617973
0.06501042115836078,0.022145948835794637
0.06767674117584735,-0.028425093548409372
0.023909681819449028,0.02723897088757014
-0.030147893056781717,0.017612074013205664
0.13763819179367218,-0.01091665858294769
-0.05167697670452415,0.005216940227893259
0.03180484596756034,-0.0030037303361225612
-0.058625844614305686,0.01596798380121
0.16276456688918692,-0.030228771551653093
-0.006075105339706295,0.018287028252257618
0.014626659314901685,0.028568893658315327
-0.08826921968250977,-0.017925067946845452
-0.05010432022531392,0.005573952506667738
0.014975676436014487,0.018702609400744412
-0.0668439434882709,0.008920468193883159
-0.054497078138977,0.015192991036761931
0.05312164204764014,0.024114513215604236
-0.032396835926809926,0.04949526808808749
0.0003239991565649597,0.013894412509777883
0.007964499088059249,-0.013501425932547483
-0.09197597167823886,-0.02032172647976286
-0.12366025568751284,-0.03685337692867404
0.019680103120920504,-0.007337379409527602
-0.09834857019390109,-0.008160101347025871
-0.11574907056617582,-0.03459269299810451
-0.09414781863149169,0.00025533383115089865
-0.02306428686024629,-0.02367134956288065
-0.09765018105082603,-0.01564584278604221
0.1261189780245148,-0.019494738949804937
0.015243946229382436,0.025697921698642445
-0.06732278211787508,0.037443795211616976
0.06128203400999945,0.020355887277360946
-0.11872428374845284,-0.04329255527057023
-0.08438677063778621,-0.008533380986875252
-0.026904659926410127,-0.005225331041767209
0.10045948210642723,-0.01151708352742508
-0.0987411903415312,-0.033624974343582775
0.10758455504389242,-0.03923300005461165
0.02677431069249237,0.012022732247707193
0.020422325793915688,0.01665412174731229
-0.08832851906453314,-0.022116944193934517
-0.06065534863337273,-0.021501062322747077
-0.0929795704400668,0.0041242354621354865
0.1289308728746207,-0.0036174340050172432
0.1365471015761868,-0.03814172108326207
-0.0873958404133071,-0.021042323690299156
-0.08675131709666863,-0.011935201475819245
0.11211181502918469,-0.027308231252633396
-0.09262036314643926,-0.011194347904893978
-0.11090855114571935,-0.0244154011252656
0.08256577262003449,-0.009650241530328375
0.03683709704165491,0.02062294659669791
-0.07167666493799729,0.003522010927427408
0.0397496044570578,0.03871733368596718
0.014801351223169867,0.01776359864201352
-0.01791494496528759,0.04149893914431856
0.15389845260496912,-0.04146783073814319
-0.10630025076869029,-0.02588191064668214
-0.0845683721957222,-0.006089363303716941
0.008406547033432115,-0.029275617028275077
0.01592375779572325,0.023957154686127222
-0.08305135463753686,0.008836541388502199
0.1353047108683894,-0.010973058787326488
-0.11832488901987005,-0.04218654602452074
0.07143506088550335,0.024150943395157057
0.00114409291350061,0.04068726228121777
0.08508156700442117,0.004995978237078578
0.10932718865925566,0.020057708370941247
0.11243570410273729,-0.017369111383176233
0.12939228208581233,0.011915588917151875
-0.04625007207603887,0.01769469867996207
7.79923329149453e-05,0.009584845603793983
-0.11166829166323777,-0.039697101913666724
-0.10099627011886307,-0.025580671522105726
-0.09801010699201816,-0.036804031120399885
-0.09751471495292119,-0.024872042419614476
-0.10623541791483211,-0.018344556608002244
-0.10313323138773221,-0.017606426393369214
-0.039054391094940355,-0.004356610750548464
0.021283682866737107,0.006271023934261983
-0.07273871343700325,0.014061750248030273
-0.06106261898725209,0.018019538161302383
0.08950415312647923,-0.020077054573137125
-0.06079239743233026,-0.03111451378515721
-0.06416514823266213,0.012446435335895272
0.05962788630123678,0.017524533499530776
0.02108429083043321,0.021405360859222036
-0.013952388606693142,0.0029744891502425977
0.1556586638165282,-0.0133120021537864
0.000671471735961782,0.040558992359346346
-0.05510400145054458,-0.008963903639117424
0.053133869881587914,-0.016246167450078633
-0.10552966463407448,-0.02853089165769679
-0.1167455023821793,-0.03741403069383774
-0.09340860406972362,-0.009848227493843701
-0.09296506151208256,0.004962199611315178
0.055262727678282296,-0.0068599261897742516
0.010279694090509231,-0.014998555605351004
-0.055932112833143637,0.028371828870496593
-0.05419720852381444,0.016974299586308125
0.012878277436151653,0.006639902196055697
-0.07290862524368219,0.00846370957824513
-0.08588948753175892,-0.03731856117174901
0.11916885133667439,-0.011717175258367367
-0.1198982468006527,-0.029162451073432533
-0.10718249933040286,-0.024908357744751627
0.16745098035282663,-0.03212136792109505
-0.08769387648962516,-0.008278142730447144
0.08195653362909207,0.007382169346202164
-0.02956198923402956,0.006907613268022326
-0.04106734068585312,0.03992971809078243
-0.07914259311132994,-0.017610305624270236
-0.020824455831655153,0.014424765481125888
0.02811549959323206,0.035298159095740134
0.0666210872768568,5.49353148845223e-05
