0.01758661913193936,0.023457004695584035
-0.06823826713111093,-0.015565945028837772
0.06064278115531762,0.011947977037657419
0.14612841544109484,-0.0272749222424179
0.018597970934181272,0.047638126730036846
0.03823595746606138,-0.018902590964751016
-0.07436159459638746,-0.030210959319346545
-0.052663361687856125,-0.0004102520408388896
-0.010942690516256895,0.00700608672402765
-0.026182986895251562,-0.0038073905036900726
0.014969749818157692,0.009975601615697258
-0.05105564456496424,-0.016787437307262735
0.07225694594496433,-0.00913606123179239
-0.06717940599633446,-0.001791924478166372
0.03404434068499754,-0.01146132799045893
0.025919645344594,-0.004899695422935271
-0.04421953974478478,0.020509632957242774
0.151298774640596,-0.03227072211711386
0.03579316982922356,0.019589674285834732
0.026166598820685,0.03044088406861121
0.06413136399934097,0.009706834747868535
0.06776592281674332,0.013872126424946793
0.03375698176383237,-0.002139209558512127
0.11413110421883829,-0.015428878221074598
0.03747710150290469,-0.01337294524293812
0.1404709661482651,-0.022471667112240468
0.036176065347162105,0.023570066132630036
0.028163976668492074,0.033491655058450795
-0.02951758801578119,0.03195943222784203
0.13081561999394717,-0.012226575481486838
0.11795274495770028,-0.01784032863118611
0.070135449122995,0.013850764782118783
-0.02662048834584927,-0.0028618081279789447
-0.019660245499312366,0.0379102456977123
-0.031197415830459815,0.005274645232803707
0.021623672560615002,0.008507648360074525
-0.008654146610834376,0.0289711870219063
0.1501442572182277,-0.033532035626135125
-0.006254537061534962,0.014009475152834612
0.015529299777254407,0.029368184193955794
-0.015963356503564573,0.02202602351492418
-0.03809342376433895,0.006729493696978213
0.1384454129647509,-0.01580153105421925
0.011328425489052142,0.0325312227791877
0.12505942047053958,-0.03103740478106224
0.11135068400376917,-0.034537130274253786
0.05560173636788823,0.025660194480178124
-0.07494016737196076,-0.01871330262292719
0.10172367479349408,0.004951779262413261
0.10676031291303159,-0.011343712368949517
-0.0019092238954410232,0.027541015428373766
0.12088295339347417,-0.017814471068936258
0.1500735393761948,-0.025245552723800687
0.01808263385979351,0.00017367673187275765
0.056611633240527315,-0.026659908043160586
0.07296459672269608,0.01659381906587557
-0.01119901733095446,0.013887012029796817
0.03304889910588775,0.03991892016562039
0.04571147718358011,0.019670684223761167
0.15192003880878413,-0.028471759915825356
-0.016421494192139816,0.026882597601049246
0.045616207918920904,0.017459827599270134
0.017905372926221446,0.044566282142069646
-0.04041518394148048,0.031079159414482888
0.017298663160971565,0.04743362943369382
0.10573611932227563,-0.0015871587062489536
0.008642621624527905,-0.022763505641005554
0.11671523723760395,0.0037704797993567624
-0.020060801371277453,0.018368415246019527
0.008127141031316145,0.013776696373465468
0.05329493500266622,0.0036461570983599588
-0.0019899289405773137,-0.01601656450426933
0.1466731761772765,-0.02946634907037823
0.06411826940233781,0.012752675836786947
0.08096106835376378,0.0019753558905860258
0.004462313308850301,-0.005795493765180014
0.03559552099294889,0.030202381047058316
0.11459883542876265,-0.029431661573582173
-0.05446016846587761,-0.01678465290283847
-0.05219495257662476,-0.014425293765787925
0.014855440180218367,-0.0365192020390361
0.10767367775196461,-0.022176602926106
0.07556029047530284,-0.00613881743067026
0.15255069435297033,-0.031527338932752634
0.054424235606575375,0.005797858721638568
0.14299023013926335,-0.02812398579918065
-0.04815378947540823,0.00563912047108163
-0.0403950699576174,0.008201681913643448
-0.08300971487720188,-0.02765330264173892
-0.0031646660270628043,0.007248709055589671
-0.05666460045271667,-0.008070333388529654
-0.05226417078588848,0.008347602691703579
-0.07436091689371317,-0.02176762768733598
-0.05869031609880174,0.009351400656582765
0.03822418870285889,0.02006359384740774
-0.06043543573983387,-0.01100544621121416
-0.06004801965590383,-0.00117403934778845
0.053592134044207325,-0.006879390326358491
-0.05341580366139487,-0.0032893014943717034
0.006686311689085494,0.02010453867596702
0.0031883809834367463,0.034936191389624845
-0.051944258485493514,-0.0032441554714698877
-0.058303538351735046,-0.0057994169315765225
-0.05372735493952132,-0.0006879391140429855
-0.08052215417236998,-0.038009848655141544
-0.07418635272764149,-0.02849318353880927
-0.05453156202779277,0.0029965686340630506
0.0051332843010959035,0.014266224695111799
-0.0019144204330672,0.015930335631290673
-0.036253636119946246,0.028647484334238537
-0.0977240083080378,-0.032241274288132775
-0.028921585175375176,-0.0035135459672160753
-0.0687596832160538,-0.011668371542290445
0.007460396203947103,0.03140354877344297
0.045811947969088114,0.019963273444302685
-0.045414995366693314,0.009957663530399525
-0.08915109558644556,-0.027401941001082324
-0.02137934925347246,0.01624793148067142
-0.05474203234045883,-0.0037771339894022535
-0.02648165236944794,-0.013423173394848048
-0.047219489059411375,0.0019160812698755427
-0.001811538568256257,0.00814152936929359
-0.05595091693454027,-0.005084318661082421
-0.04836814264733982,-0.00983498999052302
-0.0407220171610352,0.032197787202705566
-0.07249868284033963,-0.016066082101027522
-0.03241140696280844,0.004194716537783133
0.05819978930925503,0.025948229454716143
-0.05068771771293472,-0.007252488216215261
-0.061265287038552566,-0.011409484488170899
-0.013453276239672877,-0.0271666118672844
-0.01806752595074961,0.02070224707190782
-0.026579938876280677,0.015095312419062496
-0.07254069150475759,-0.017450934197232936
0.014978959246811575,0.008430743610191737
-0.09349795582793645,-0.026253394568376654
0.021450325470455407,0.02773579915933188
-0.0364682676884188,0.0029053363821376836
-0.028875933944476215,0.041656057871478684
-0.054547174634995206,0.018096849006194245
-0.06412944788462914,-0.01998039135994683
-0.08964361960812516,-0.01178648257112766
-0.05237751303458278,2.7012399091724347e-05
0.00510802800808939,0.049116729945267196
0.026016032294653654,-0.006485409585639628
-0.05630590384809821,-0.0029130690333049026
-0.08866705874991046,-0.02853355935614203
-0.057855906590095915,0.012331035087784301
-0.06839287356024838,-0.011240541023451065
-0.0867018785654554,-0.02929266529337651
-0.07420182157136274,-0.030701078284458984
0.044703350847505735,0.01236122935163168
-0.03341033823060527,-0.016880387720579763
-0.061349125967528055,-0.002919114832689267
-0.06113633835247491,-0.016075578156774444
-0.07694083530808007,-0.018266130944639025
-0.06986096837598257,-0.009548971281362601
-0.047718007769647686,-0.003719301088931508
-0.08794118439080652,-0.0318147335061405
0.017132306213116663,0.013910896846720967
-0.08514325493890934,-0.03903057466813204
-0.06460859227200225,-0.01785535596432655
-0.06094513452379203,-0.0036694291009698047
-0.07025319932657904,-0.0025682197165317272
0.032888229578534066,0.004621480173771142
-0.05319517271055014,0.0028781714580293234
-0.03255961689799211,0.012429036017976347
-0.06067342187191322,-0.035771559947169115
-0.07852326634571108,-0.012633627394809598
-0.053192095971934944,0.00237004443351119
-0.004335328685981442,0.04590847460433005
-0.043870966962913836,-0.021655293157469512
