0.1316377535676132,-0.01984449139344674
0.1266119024989598,-0.026017342560846507
-0.019159224962567344,-0.009675595936825904
-0.04830767032386824,0.034827444288434685
0.17840735514557649,-0.027787843318672137
-0.05392204865772516,0.009197834877228354
0.14888669697363435,-0.020292881885889444
-0.0392703778069263,0.031949636384257046
-0.014856522227592405,0.025008513930734853
0.019885644392638298,-0.013596697992583257
0.08951262729717938,-0.011615885179192048
0.05422958671527207,-0.022943822326681754
0.13789241948065284,-0.04524632094155781
0.03281149818241684,-0.0087150757588177
-0.015370684695657366,-0.0067597689508675
0.02985196445410273,0.044441796503221054
-0.07314891964695416,-0.015906574382600673
0.03683109194036102,-0.0065167174909133325
0.08861482891590285,-0.027745242505704978
0.1617768123462906,-0.0050714637026994715
-0.07183209633630966,-0.029328852215941295
0.04891061483853525,0.015426734747639186
-0.028382905719321724,-0.024008144279495894
0.1272410084701639,0.0070838390851282705
-0.06845595876599475,-0.0015943144521463476
0.017702366181967744,0.010673799974594923
0.029123700012756423,-0.014397229515520405
0.038581670140484844,-0.021282022843930742
0.10964810347361273,-0.029448483391296403
-0.10495906206072464,0.0007225959971775333
0.1247145470059715,0.04691248997435849
-0.09428187955947345,-0.0064410348490658445
-0.08191237497943847,-0.0014406437026940934
0.14601602839062228,-0.0302893102922221
0.1410734375107088,-0.022962450509551834
0.1306309786403028,-0.017183729699337878
0.10826592212749964,0.06641000012455997
-0.08368010277059276,-0.025059553401949215
-0.03305682033352047,-0.02587443775705068
0.026698912827807085,0.019002189515105954
0.02825139706518871,-0.006486615227024689
0.05074377211759617,-0.02372910276159769
0.09027728150940784,-0.028392732779820146
0.12586093073644358,-0.010834946524391254
0.11412420951650437,-0.0071782003896837055
0.003412173734590165,0.032569390602594714
-0.02102236246961791,0.04372470539226415
-0.05320432599963018,0.028232810595138682
-0.05830770377010457,-0.0346646773422974
0.13823548242045763,-0.011282170011532816
0.04315272577832717,-0.02124571150492971
0.08164291822448491,-0.017674402424855025
0.08965652387138112,-0.011350620103259514
0.07621954767760981,-0.023907917658440202
0.17840626586476416,-0.028752470123982975
0.11359334582811773,-0.04794970362861073
0.1745073133045942,-0.012564944907667863
0.006018876905015509,0.030728797033823925
-0.05523235300282368,-0.026431555045057252
0.17985976741136064,-0.02284679315215753
0.07200000926385412,0.02634462769772522
0.04373853852939326,-0.031400943946504445
0.1501727719186542,0.008442238853518575
-0.002352570448625483,-0.038123468241681516
0.033902162530196685,-0.05875799752048468
0.1457593968921694,0.028026716111263738
-0.059199679630880034,-0.03328581721491402
0.0017068016363766835,0.03327956088774451
-0.019125860746291544,-0.02558675552512143
0.12248340119479699,0.03528622586402667
-0.03496252703518566,-0.03432513401613267
0.1080785057275549,-0.049322295497640486
0.145215277986259,-0.04068065179348181
0.14962518313083625,0.01080286127232887
0.005275216749132892,-0.007874567362932983
0.05937293344624005,-0.020063034284864334
0.10286647434700164,0.002612580631764346
0.004447911537928312,-0.0381783020076433
0.14420056316509416,0.03385546712044519
-0.06348376894415872,-0.027975057097260458
0.10118840802605478,-0.019122814518523903
0.16940152177868903,-0.013083148341492575
0.07501348916675077,0.01162066498841544
0.005084327499541833,-0.007780018759613208
0.039642546073890804,-0.035913527538126294
0.07742963182968571,0.061708615205595584
-0.06616171333396582,-0.0007739239354675169
-0.058504295326235224,0.04623949061177073
-0.09202084714872047,-0.056304619620340966
-0.014126249338221947,0.05195442886917886
-0.07056621810966703,0.005285169395848636
-0.06632941790232176,0.034480855497753544
-0.09171724351977284,-0.007517858222098545
-0.06715808323925618,-0.049418943351618255
0.028767798093779173,0.06187352938918246
-0.07463073603003133,0.007514604788689348
-0.06809509573676696,-0.0425387620143214
0.062121624606587156,0.024933051807806812
-0.06369112429928812,-0.04188889600376147
0.0041438840255666465,0.006164322610063507
-0.001771130808674073,0.058663594916487274
-0.06780853012386288,0.012356151372750783
-0.06663334242953724,0.004271618811381879
-0.07252928053194342,0.0341025658077671
-0.09214834092758886,-0.0022679949717006763
-0.08674356189083776,-0.018613857369113508
-0.06647348500933152,-0.03986014466246733
0.0008393869596947315,0.008725167212295125
-0.007981686252394878,0.026774492322793622
-0.04556147655184438,0.06672565609091777
-0.10171822095929585,-0.04886018870937128
-0.038984181502782794,0.013845065253298405
-0.07723846323059365,-0.044253546405221555
-0.0076238500067706385,-0.0025363012190097573
0.04699523876075638,0.04302929384528545
-0.06040809368420775,0.053900187318939544
-0.10185834338089605,-0.04774333588845321
-0.026682423017442614,0.03337410553252681
-0.0659943615765188,-0.020743647886128376
-0.03367922023811203,0.020039102701736086
-0.05593008651099925,-0.028942954427760938
-0.013780256045512463,0.033229243562843014
-0.06884507965390167,0.014318215233676542
-0.06653182489967345,0.005258743025977042
-0.05197525202442597,0.051797004466530745
-0.08128346065863923,-0.022908953847260424
-0.03829467012783926,-0.04064853027543253
0.05586993310796299,0.03687323319726327
-0.06784137176075883,0.008450191803603128
-0.06778371704121183,-0.027834829986303506
-0.023563041199915695,-0.022748241374020154
-0.021773630857321348,0.01636474376043301
-0.03263090445528895,0.05619161518110534
-0.08101579407100924,-0.053243444341628254
0.01208724504788164,0.07104821506149216
-0.09825938668679422,-0.04768789392931103
0.02129626381477177,0.06659138932328018
-0.05438681944693998,0.009636344271406992
-0.03292101857673396,0.0477235941659611
-0.06642840905253868,0.035369528760654245
-0.07973869704443177,0.023821235038004124
-0.10240218516593273,-0.015769570853980498
-0.06638252892362562,-0.03086784117529862
-0.0004102883248989759,0.015587680033630785
0.020840854593800966,0.03526849125990796
-0.07150381398955083,0.038031512275301015
-0.0991860887295005,-0.02000940873201392
-0.07003644622626079,0.03130751938337337
-0.08423868045144783,0.021780903227609814
-0.0948007587331694,-0.003444213262734351
-0.08168553217391972,-0.05397733662845762
0.0393385305056901,0.02123932174475137
-0.041056854938800444,0.01057443860082666
-0.0683251871450842,0.007641641295873739
-0.0671426285319435,0.025368973096495166
-0.08943248925961196,0.0061482892456104325
-0.08778380665937152,-0.02384840861784021
-0.06286112459886331,0.04348190881622854
-0.09891610830748325,-0.049834956407026725
0.011471401019602603,0.07603777358036179
-0.09754761847748171,-0.019414605414487276
-0.08223159468745728,0.00381694758299514
-0.0759617295212271,0.017590146580380835
-0.07956786793477896,-0.04435219631971425
0.043180853133226504,0.060092571218853016
-0.06404575573543533,0.0009831104476536164
-0.04698593519977821,0.0356964355876984
-0.06848711808502078,0.006097776372128438
-0.09279214136729104,-0.007279013327027125
-0.0659154472560678,-0.012077555847713205
-0.013930825952891572,0.050035469608883304
-0.05413729610459688,-0.014574795110037255
